0111111111110010 
0111111111100111 
0111111111100101 
0111111111110010 
0111111111111110 
0111111111011000 
0111111110111001 
1000000000011001 
1000000001110111 
0111111111000110 
0111111011000011 
0111111100100111 
1000000010100011 
1000000101001011 
1000000010110111 
1000000000011100 
1000000000000101 
1000000000010110 
1000000000000100 
0111111111101110 
0111111111110111 
1000000000001000 
0111111111111100 
0111111111100011 
0111111111100100 
1000000000000001 
1000000000010110 
0111111111111100 
0111111110111010 
0111111110011001 
0111111111001001 
1000000000001101 
1000000000010100 
0111111111101011 
0111111111011010 
0111111111101111 
1000000000000001 
1000000000000101 
1000000000001100 
1000000000001110 
1000000000000000 
0111111111110001 
0111111111101000 
0111111111011011 
0111111111010100 
0111111111101011 
1000000000001101 
1000000000011010 
1000000000011000 
1000000000011000 
1000000000011110 
1000000000100101 
1000000000100101 
1000000000000101 
0111111111000010 
0111111110010111 
0111111110111000 
1000000000000110 
1000000000110001 
1000000000010111 
0111111111100101 
0111111111010100 
0111111111101110 
1000000000010001 
1000000000100111 
1000000000101100 
1000000000101010 
1000000000110010 
1000000001000000 
1000000000101001 
0111111111011101 
0111111110100001 
0111111110101100 
0111111111010000 
1000000000010010 
1000000010011010 
1000000010100110 
0111111110110000 
0111111100000111 
0111111110110000 
1000000001011000 
0111111111110000 
0111111101111101 
0111111111000000 
1000000000011000 
1000000000100101 
1000000000011001 
1000000000010110 
1000000000100111 
1000000000111100 
1000000000110000 
1000000000010011 
1000000000001000 
1000000000010100 
1000000000011111 
1000000000000100 
0111111111011011 
0111111111101100 
1000000000101011 
1000000001000100 
1000000000100111 
0111111111111010 
0111111111011101 
0111111111011101 
0111111111101101 
0111111111110111 
1000000000001000 
1000000000100011 
1000000000100001 
0111111111110101 
0111111111010010 
0111111111101010 
1000000000011100 
1000000000011100 
0111111111100011 
0111111111000000 
0111111111010111 
1000000000000011 
1000000000011001 
1000000000010100 
0111111111111111 
0111111111110011 
0111111111101110 
0111111111100001 
0111111111101000 
1000000000011100 
1000000001010110 
1000000001100101 
1000000001001000 
1000000000011000 
0111111111111100 
1000000000000111 
1000000000011011 
1000000000011000 
1000000000010110 
1000000000011010 
0111111111111111 
0111111111011001 
0111111111110010 
1000000001001100 
1000000010011001 
1000000010011111 
1000000001100011 
1000000000010111 
1000000000001010 
1000000001000100 
1000000001100110 
1000000001000000 
1000000000100000 
1000000000010011 
0111111111000101 
0111111101100100 
0111111101110111 
0111111111000110 
0111111111000110 
0111111110110000 
0111111111111011 
1000000001011111 
1000000001110001 
1000000001001001 
1000000000010111 
0111111111101010 
0111111111010111 
0111111111010000 
0111111110111011 
0111111111001100 
1000000000101010 
1000000010000100 
1000000010000100 
1000000001010011 
1000000000111001 
1000000000011000 
0111111111000010 
0111111110000010 
0111111110101000 
1000000000000111 
1000000000111110 
1000000001000000 
1000000000101110 
1000000000001000 
0111111111010101 
0111111110101110 
0111111110101100 
0111111111011111 
1000000000100100 
1000000000100100 
0111111110111111 
0111111101101011 
0111111110100110 
1000000000010000 
0111111111100011 
0111111101001110 
0111111100110001 
0111111110110010 
1000000000101000 
1000000001000000 
1000000000100011 
0111111111101000 
0111111110110101 
0111111111001001 
0111111111111110 
1000000000000000 
0111111111110100 
1000000000001010 
1000000000000100 
0111111111001010 
0111111110101110 
0111111111001010 
0111111111101010 
0111111111111010 
1000000000001100 
1000000000011101 
1000000000011100 
0111111111101000 
0111111110001011 
0111111101100111 
0111111110111010 
1000000000101001 
1000000000111110 
1000000000000010 
0111111110110100 
0111111101101111 
0111111101101010 
0111111111101010 
1000000010001100 
1000000010001011 
0111111111110011 
0111111110100010 
0111111111101001 
1000000000101100 
1000000000001100 
0111111111010101 
0111111111000110 
0111111111011011 
1000000000010110 
1000000001010010 
1000000001010010 
1000000001001100 
1000000010011000 
1000000011110100 
1000000011101110 
1000000010000010 
0111111111101101 
0111111101101001 
0111111101001001 
0111111110101110 
1000000000101101 
1000000000101100 
0111111111000111 
0111111111000100 
1000000001011000 
1000000011000110 
1000000010000001 
0111111111011011 
0111111101001001 
0111111100010001 
0111111110010001 
1000000010000101 
1000000010111001 
0111111111101010 
0111111101100011 
0111111111010000 
1000000001000000 
1000000000010000 
0111111111100010 
1000000000100000 
1000000000111110 
0111111111110101 
0111111111010100 
1000000000110001 
1000000001111100 
1000000000011101 
0111111101110011 
0111111101001000 
0111111110011101 
0111111111001011 
0111111110011110 
0111111110010000 
0111111111001100 
0111111111101011 
0111111111100001 
0111111111100000 
0111111111100100 
1000000000101001 
1000000011010100 
1000000100010000 
1000000000100001 
0111111011110100 
0111111011011011 
0111111110001000 
0111111111001110 
0111111101111000 
0111111101010111 
0111111111110000 
1000000010100101 
1000000010010110 
1000000000001011 
0111111111110101 
1000000001110010 
1000000011011101 
1000000011100000 
1000000010010010 
1000000000001100 
0111111110011111 
0111111111001000 
1000000001101101 
1000000011000000 
1000000001101010 
1000000000100101 
1000000001100000 
1000000001110110 
1000000000100000 
1000000000011000 
1000000010010110 
1000000011101001 
1000000010100111 
0111111111101011 
0111111100010100 
0111111011111100 
1000000000000010 
1000000100001101 
1000000011110000 
1000000000010001 
0111111110010000 
0111111111001111 
1000000001001100 
1000000001100111 
1000000000100110 
1000000000000100 
1000000000000010 
0111111111001100 
0111111110010001 
0111111110001001 
0111111101110100 
0111111101011011 
0111111110011010 
1000000000001111 
1000000001101001 
1000000010010011 
1000000010010110 
1000000010010000 
1000000001111110 
1000000000010011 
0111111101101000 
0111111101010111 
1000000000001010 
1000000001001111 
0111111111011010 
0111111111100000 
1000000001111010 
1000000001100101 
0111111111000001 
0111111110011100 
0111111110011010 
0111111101011111 
0111111111010101 
1000000011100010 
1000000100001100 
1000000000000110 
0111111011111110 
0111111011011101 
0111111110100111 
1000000010101010 
1000000011101100 
1000000000110110 
0111111101100111 
0111111101010011 
0111111111100101 
1000000010000111 
1000000010111011 
1000000001001111 
0111111110100110 
0111111110100111 
1000000010001101 
1000000100111100 
1000000011010001 
0111111111100010 
0111111101101011 
0111111110001001 
0111111111011110 
1000000001000100 
1000000010011110 
1000000010011110 
1000000000110000 
0111111111000000 
0111111111001110 
1000000001001001 
1000000010001100 
1000000000101000 
0111111101110110 
0111111100001110 
0111111100110111 
0111111111010100 
1000000001010111 
1000000001000011 
0111111111101000 
0111111111010111 
0111111111000111 
0111111101001110 
0111111100011011 
0111111110110010 
1000000000001110 
0111111101100110 
0111111011100000 
0111111110111110 
1000000100100100 
1000000100111011 
0111111111111011 
0111111100111001 
0111111110111010 
1000000000110011 
0111111110111001 
0111111101010000 
0111111111111011 
1000000011101011 
1000000100000111 
1000000010000111 
1000000000011110 
0111111111011000 
0111111110001111 
0111111101101011 
0111111101011010 
0111111101000010 
0111111101110100 
0111111111101000 
1000000000101001 
1000000000110010 
1000000000011110 
0111111110110101 
0111111100111111 
0111111101001000 
0111111110011000 
0111111111001000 
0111111111101001 
1000000000001100 
1000000001000110 
1000000001110101 
1000000000100101 
0111111110011001 
0111111101011001 
0111111011010011 
0111111001011011 
1000000000101010 
1000001101010010 
1000001011011010 
0111111001100010 
0111110100010011 
1000001001010001 
1000011010100101 
1000001011010001 
0111101110011111 
0111101010000110 
0111111110110010 
1000001101010101 
1000000100110111 
0111110100001010 
0111110000101110 
0111111011001111 
1000000100100111 
1000000100111001 
1000000000111111 
0111111110101001 
0111111100111001 
0111111010100100 
0111111101010010 
1000000111000000 
1000001100000110 
1000000100010100 
0111111010010011 
0111111000101011 
0111111011110101 
1000000001000010 
1000001000011101 
1000000111011011 
0111110101111010 
0111100110011001 
0111110001100011 
1000001100010001 
1000010101000100 
1000000111100101 
0111111100100000 
0111111101101110 
0111111111110001 
0111111111000100 
1000000001011001 
1000000101010000 
1000000011000101 
0111111001101001 
0111110101001000 
1000000000100110 
1000010001001011 
1000010000110100 
0111111110000110 
0111110000011101 
0111110111010010 
1000000110010001 
1000001010000100 
1000000000011010 
0111110111001110 
0111111010010011 
1000000101111100 
1000001100110000 
1000000111000111 
0111111010111111 
0111110111100110 
1000000100010111 
1000001101100111 
0111111110000001 
0111101011111011 
0111110111110001 
1000001101011001 
1000001001111111 
0111111011101010 
0111111101010110 
1000000101010010 
1000000000101010 
0111110101101110 
0111110110011001 
1000000100011011 
1000001101000011 
1000000011011000 
0111110101101001 
0111110111100010 
1000000100000011 
1000001011010111 
1000001000111001 
0111111111010101 
0111110110101110 
0111111000010111 
1000000000001111 
1000000010100001 
1000000000001000 
1000000001011111 
1000000001100110 
0111111100010100 
0111111011001011 
0111111101110100 
0111111100100110 
0111111101110110 
1000000100010000 
1000000100001111 
0111111111001010 
1000000010000100 
1000001000000000 
1000000101100001 
1000000000100000 
0111111110010011 
0111111011011001 
0111111100010100 
1000000011101110 
1000000100110101 
0111111011010110 
0111110110111101 
0111111111100110 
1000000110011110 
1000000000000100 
0111111000100111 
0111111100111001 
1000000100010000 
1000000100001010 
1000000010011100 
1000000100000001 
1000000001111110 
0111111101001000 
0111111111001101 
1000000011100000 
0111111111000010 
0111111000100111 
0111111100101000 
1000000101001111 
1000000101100000 
1000000000000100 
0111111110101101 
1000000000011110 
1000000000001101 
0111111111101000 
1000000001001101 
1000000010000010 
0111111111110011 
0111111101111001 
0111111111011011 
1000000001101000 
1000000000100011 
0111111110001111 
0111111111000100 
1000000001001111 
1000000000101010 
0111111111010011 
1000000000100000 
1000000001100101 
0111111111100111 
0111111110001000 
1000000000000000 
1000000001100101 
1000000000010010 
0111111111010001 
1000000000011010 
1000000000110011 
0111111111010000 
0111111110011010 
0111111111011010 
1000000000011111 
1000000000101010 
1000000000110100 
1000000001010101 
1000000000111101 
0111111111011100 
0111111110110110 
1000000000100011 
1000000001111111 
1000000000011111 
0111111110001010 
0111111110101011 
1000000001011011 
1000000010010011 
0111111111101011 
0111111101011110 
0111111111001100 
1000000001111001 
1000000000111001 
0111111110010101 
0111111111010101 
1000000010001111 
1000000010010101 
1000000000100100 
0111111111100101 
0111111111000110 
0111111110110101 
0111111111011000 
1000000000000010 
1000000000000000 
0111111111100010 
0111111111001000 
0111111111010111 
1000000000010000 
1000000000010100 
0111111111101001 
1000000000000110 
1000000000010111 
0111111110111011 
0111111110010101 
0111111111111101 
1000000001010001 
1000000000111100 
1000000000011001 
1000000000000111 
0111111111101100 
0111111111110001 
1000000000010011 
1000000000010111 
0111111111111001 
0111111111100110 
0111111111110010 
0111111111101011 
0111111111001110 
0111111111101000 
1000000000111001 
1000000001001010 
0111111111101110 
0111111110110010 
1000000000000110 
1000000001100010 
1000000000010100 
0111111110011101 
0111111110110111 
1000000000110100 
1000000010010011 
0111111111011110 
0111111011011001 
1000000000100010 
1000000111111100 
1000000000110000 
0111110111001001 
0111111110111110 
1000001000001110 
1000000001010101 
0111111011001011 
1000000000100000 
1000000011100010 
1000000000000011 
0111111101111111 
0111111110111011 
1000000000010101 
1000000000100110 
0111111111101010 
0111111111101000 
1000000000001100 
0111111111111010 
1000000000011010 
1000000000111000 
0111111110110111 
0111111101100001 
0111111111011001 
1000000000101100 
0111111111110111 
0111111111110101 
1000000000100110 
1000000000000101 
0111111111010011 
1000000000001010 
1000000001011101 
1000000001000111 
0111111111010110 
0111111110011000 
0111111111100011 
1000000001010011 
1000000001010001 
0111111111010101 
0111111101111100 
0111111111010010 
1000000001100110 
1000000001010111 
0111111111010001 
0111111110111111 
1000000000100011 
1000000000110101 
0111111111100011 
0111111111001110 
1000000000000111 
1000000000100000 
0111111111110110 
0111111111100000 
1000000000001100 
1000000000101101 
1000000000001010 
0111111111100101 
0111111111100101 
0111111111101101 
1000000000000000 
1000000000100011 
1000000000010111 
0111111111010110 
0111111111010011 
1000000000100111 
1000000001000101 
1000000000000001 
0111111111010001 
0111111111101000 
0111111111111001 
0111111111110001 
1000000000001010 
1000000000101011 
1000000000010111 
0111111111101100 
0111111111101001 
1000000000000100 
1000000000001110 
1000000000001000 
1000000000000010 
0111111111111010 
0111111111101110 
0111111111100001 
0111111111010011 
0111111111101010 
1000000000011101 
1000000000100001 
0111111111111111 
1000000000000010 
1000000000010001 
0111111111110111 
0111111111110111 
1000000000100011 
1000000000010001 
0111111111001010 
0111111111010111 
1000000000110101 
1000000001000011 
0111111111011001 
0111111110100001 
0111111111111000 
1000000001010010 
1000000000101111 
0111111111100010 
0111111111100100 
1000000000000111 
1000000000000010 
0111111111110011 
0111111111111011 
1000000000001111 
1000000000011101 
1000000000010000 
0111111111101001 
0111111111100011 
1000000000010101 
1000000000110000 
1000000000001000 
0111111111011011 
0111111111011101 
0111111111111011 
1000000000011011 
1000000000100011 
0111111111111011 
0111111111010000 
0111111111100110 
1000000000100010 
1000000000101010 
1000000000000011 
0111111111101010 
0111111111101011 
0111111111110111 
1000000000001110 
1000000000011100 
1000000000000110 
0111111111101000 
0111111111110001 
1000000000010110 
1000000000011100 
0111111111110101 
0111111111010011 
0111111111101100 
1000000000011101 
1000000000100000 
0111111111111111 
0111111111111010 
1000000000000111 
0111111111110110 
0111111111100111 
1000000000000000 
1000000000010111 
1000000000000000 
0111111111100010 
0111111111110001 
1000000000010101 
1000000000010000 
0111111111110001 
0111111111110000 
1000000000001110 
1000000000010110 
1000000000000011 
0111111111111010 
0111111111111010 
0111111111111000 
0111111111111010 
1000000000000010 
1000000000001100 
1000000000000100 
0111111111110101 
0111111111111101 
1000000000001000 
1000000000000101 
1000000000000001 
1000000000000010 
0111111111110010 
0111111111101011 
1000000000001011 
1000000000011111 
1000000000000101 
0111111111110010 
0111111111111001 
0111111111111111 
1000000000000100 
1000000000001001 
1000000000000000 
0111111111101101 
0111111111110010 
1000000000001000 
1000000000001011 
1000000000000010 
1000000000000100 
1000000000001001 
0111111111111110 
0111111111110110 
0111111111111100 
0111111111111011 
1000000000000000 
1000000000010100 
1000000000001010 
0111111111100101 
0111111111100101 
1000000000001000 
1000000000010001 
0111111111111011 
0111111111110001 
0111111111111001 
1000000000000011 
1000000000001001 
1000000000001000 
1000000000000001 
0111111111111000 
0111111111111010 
1000000000001001 
1000000000000011 
0111111111101101 
0111111111110110 
1000000000011000 
1000000000011101 
1000000000000000 
0111111111110010 
1000000000000000 
1000000000000111 
0111111111111101 
0111111111111101 
1000000000001100 
1000000000001110 
0111111111111101 
0111111111111010 
0111111111111110 
0111111111110001 
0111111111110011 
1000000000001110 
1000000000010001 
0111111111111001 
0111111111111010 
1000000000001111 
1000000000001100 
0111111111111101 
0111111111111101 
0111111111111110 
0111111111111011 
0111111111111111 
1000000000000110 
1000000000000111 
1000000000000100 
1000000000000110 
1000000000000011 
0111111111111110 
1000000000000011 
1000000000000110 
0111111111111101 
0111111111110101 
0111111111111010 
1000000000000011 
1000000000001001 
1000000000001100 
1000000000000100 
0111111111110110 
0111111111111010 
1000000000001100 
1000000000001111 
0111111111111011 
0111111111101011 
0111111111110100 
1000000000001100 
1000000000010000 
1000000000000001 
0111111111110110 
0111111111111101 
1000000000001101 
1000000000010000 
1000000000000010 
0111111111111000 
0111111111111110 
0111111111111110 
0111111111111000 
0111111111111110 
1000000000000000 
0111111111111001 
0111111111111111 
1000000000000110 
0111111111111101 
0111111111111100 
1000000000000101 
1000000000000011 
0111111111111101 
1000000000000000 
1000000000000101 
1000000000001000 
1000000000001001 
1000000000000100 
0111111111111101 
1000000000000010 
1000000000001001 
1000000000000011 
0111111111111001 
0111111111111011 
1000000000000011 
1000000000000010 
0111111111111100 
0111111111111100 
1000000000000010 
1000000000000011 
0111111111111011 
0111111111110010 
0111111111111011 
1000000000001100 
1000000000001110 
0111111111111111 
0111111111111010 
0111111111111110 
0111111111111100 
0111111111111001 
0111111111111111 
1000000000000110 
1000000000000100 
1000000000000100 
1000000000000010 
0111111111110110 
0111111111110100 
1000000000000100 
1000000000001000 
0111111111111001 
0111111111110101 
1000000000000110 
1000000000000111 
0111111111111100 
0111111111111001 
0111111111111010 
0111111111011101 
1000000001001001 
1000000001101100 
0111111110101010 
0111111100101111 
1000000000011011 
1000000011110010 
1000000010010100 
0111111111101111 
0111111111111111 
1000000000000100 
1000000000000001 
0111111111111100 
0111111111111010 
0111111111111010 
0111111111111111 
1000000000000000 
1000000000000001 
1000000000000000 
1000000000000000 
1000000000000000 
1000000000000000 
1000000000000000 
1000000000000000 
1000000000000000 
1000000000000000 
1000000000000000 
