0111111111101111 
0111111111101101 
0111111111110010 
0111111111111001 
1000000000000010 
0111111111101001 
0111111111010011 
1000000000110101 
1000000010010101 
1000000000001101 
0111111100110001 
0111111101010011 
1000000000110001 
1000000010000110 
1000000000101000 
0111111111010111 
0111111111010001 
0111111111110101 
1000000000001001 
1000000000000110 
1000000000000001 
1000000000000100 
1000000000000001 
0111111111101101 
0111111111011110 
1000000000000000 
1000000001000100 
1000000001010001 
1000000000000011 
0111111110101111 
0111111110110101 
0111111111111010 
1000000000101010 
1000000000100011 
1000000000000100 
0111111111110101 
0111111111110101 
0111111111110101 
0111111111110101 
1000000000000101 
1000000000100001 
1000000000100111 
1000000000001100 
0111111111110010 
1000000000000100 
1000000000110111 
1000000001010011 
1000000001000101 
1000000000110011 
1000000000101001 
1000000000010100 
0111111111110111 
0111111111100100 
0111111111001110 
0111111110110010 
0111111110101101 
0111111111010001 
1000000000000010 
1000000000011100 
1000000000000100 
0111111111001110 
0111111110101110 
0111111110111100 
0111111111011000 
0111111111101011 
1000000000000101 
1000000000100000 
1000000000011001 
0111111111110000 
0111111111011000 
0111111111111001 
1000000000111100 
1000000001010100 
1000000000101000 
0111111111110110 
0111111111101110 
1000000000000010 
1000000000011001 
1000000000101000 
1000000000101011 
1000000000111001 
1000000001011101 
1000000001011111 
1000000000100101 
0111111111110011 
0111111111110010 
0111111111110000 
0111111111010110 
0111111111010011 
0111111111110010 
1000000000001110 
1000000000100010 
1000000000111111 
1000000001001111 
1000000000110001 
0111111111111101 
0111111111101000 
0111111111110100 
1000000000000000 
1000000000000110 
1000000000010011 
1000000000011111 
1000000000000101 
0111111110111110 
0111111110001000 
0111111110100010 
0111111111100010 
0111111111101100 
0111111111000111 
0111111111001001 
0111111111110101 
0111111111111010 
0111111111001111 
0111111111001111 
1000000000011000 
1000000001001011 
1000000000101000 
0111111111110011 
0111111111110001 
0111111111110111 
0111111111101010 
0111111111101110 
0111111111110100 
0111111111011001 
0111111111011100 
1000000000100110 
1000000001010101 
1000000000101101 
1000000000010100 
1000000001000011 
1000000001100011 
1000000001000111 
1000000000110111 
1000000001000011 
1000000000101010 
0111111111100010 
0111111110111001 
0111111111101011 
1000000001001100 
1000000001100110 
1000000000011001 
0111111111001101 
0111111111001100 
0111111111011110 
0111111111011111 
0111111111111110 
1000000000111011 
1000000001010101 
1000000001000111 
1000000001010110 
1000000010001001 
1000000010001000 
1000000000100111 
0111111110101100 
0111111110001001 
0111111111100000 
1000000001001111 
1000000001010010 
0111111111101101 
0111111110010010 
0111111110001010 
0111111111011000 
1000000001011000 
1000000010001100 
1000000000100111 
0111111110111101 
1000000000000000 
1000000010011110 
1000000011001001 
1000000001100101 
0111111111111001 
0111111111001001 
0111111111010000 
1000000000010110 
1000000001101111 
1000000010010010 
1000000010010010 
1000000010101101 
1000000010111101 
1000000001111110 
0111111111111101 
0111111110001000 
0111111101111110 
0111111111111001 
1000000001110000 
1000000001011000 
0111111111110100 
0111111111010011 
0111111111110000 
0111111111011001 
0111111110001011 
0111111110010100 
1000000000100111 
1000000010010101 
1000000000100101 
0111111101000100 
0111111100011110 
0111111111010101 
1000000001010110 
1000000000101000 
0111111111110010 
1000000000010011 
1000000000011110 
0111111111101000 
0111111110111000 
0111111110010101 
0111111101101100 
0111111110011001 
1000000001000000 
1000000010110100 
1000000001111101 
1000000000110010 
1000000001011010 
1000000001100111 
0111111111011100 
0111111101001100 
0111111101001111 
0111111110101110 
0111111111011101 
0111111111001101 
0111111111110011 
1000000001111101 
1000000100000101 
1000000101001010 
1000000101001001 
1000000011001010 
0111111111101011 
0111111110001000 
0111111111101110 
1000000001011001 
1000000001010110 
1000000001001100 
1000000010000010 
1000000011000001 
1000000010111000 
1000000001000011 
0111111111000101 
0111111111101111 
1000000010101101 
1000000100000101 
1000000010000000 
0111111111101101 
1000000000100010 
1000000010111011 
1000000010111011 
1000000000001110 
0111111110001110 
0111111110110011 
0111111111111110 
0111111111111111 
0111111111110011 
1000000000101100 
1000000001011011 
0111111111010001 
0111111010101011 
0111111001011011 
0111111110100111 
1000000100000010 
1000000011010110 
0111111111100001 
0111111110000010 
0111111110101111 
0111111111111111 
1000000010000011 
1000000011100001 
1000000001101110 
0111111101111011 
0111111100100000 
0111111111000100 
1000000011010000 
1000000101111110 
1000000101001001 
1000000000101100 
0111111100100000 
0111111101010010 
1000000001010100 
1000000010011001 
1000000000010101 
1000000000011101 
1000000010011101 
1000000001000001 
0111111101000001 
0111111100100001 
0111111111111101 
1000000011000100 
1000000100010100 
1000000011011011 
0111111111011101 
0111111011101100 
0111111100100110 
0111111111101101 
1000000000010100 
0111111111101010 
1000000000100111 
1000000010001101 
1000000010111011 
1000000011000000 
1000000001101011 
0111111110011100 
0111111011110110 
0111111100100011 
0111111111010110 
1000000001010001 
1000000001100100 
1000000001001101 
1000000000010001 
0111111110011001 
0111111100111011 
0111111101011010 
0111111111001001 
1000000000000010 
0111111111101010 
0111111111011001 
1000000000000110 
1000000001000000 
1000000000110000 
0111111111101010 
0111111111100110 
1000000000011110 
1000000000000111 
0111111110011111 
0111111101100010 
0111111101110101 
0111111110101111 
0111111111110110 
1000000000011101 
1000000000101000 
1000000000111010 
1000000000001110 
0111111110100010 
0111111110100100 
1000000000010001 
0111111111110110 
0111111101010010 
0111111100101100 
0111111110111100 
1000000001010010 
1000000010001111 
1000000001101000 
1000000000001011 
0111111111111100 
1000000001010100 
1000000001101011 
1000000000100010 
1000000000010101 
1000000000111000 
0111111111111111 
0111111110010111 
0111111101101101 
0111111101101000 
0111111110100001 
1000000000110101 
1000000001110000 
0111111111110111 
0111111111001011 
1000000001110011 
1000000011000010 
1000000000001101 
0111111101111000 
0111111111001101 
1000000000111100 
1000000000101001 
1000000000001010 
1000000000001011 
0111111111010100 
0111111110001110 
0111111110010001 
0111111111000111 
1000000000001101 
1000000000111001 
1000000000011111 
1000000000011101 
1000000001110111 
1000000001110000 
0111111110100001 
0111111100100001 
0111111111000001 
1000000010011100 
1000000010010111 
0111111111111010 
0111111110111000 
1000000000001110 
1000000001111111 
1000000010011011 
1000000001000011 
0111111111000011 
0111111110000100 
0111111101100110 
0111111100100001 
0111111100010000 
0111111110110111 
1000000010101110 
1000000100000110 
1000000010110011 
1000000001010101 
1000000000001011 
0111111110010110 
0111111100011001 
0111111011111100 
0111111101100101 
1000000000000110 
1000000001111000 
1000000010010001 
1000000010001100 
1000000010000010 
1000000001000000 
0111111111101010 
0111111111010000 
0111111111100010 
1000000000001000 
1000000000111000 
1000000000100111 
0111111111100101 
0111111111111110 
1000000001010100 
1000000000111111 
0111111111001000 
0111111101100000 
0111111100101100 
0111111101101001 
1000000001001000 
1000000100010011 
1000000011000010 
0111111110001001 
0111111010111011 
0111111100000100 
0111111110110100 
1000000000011011 
1000000001100001 
1000000010001100 
1000000000111111 
0111111110101110 
0111111101111110 
0111111111011010 
1000000001010101 
1000000001101100 
1000000000110001 
1000000010010001 
1000000110101010 
1000000110110110 
0111111110010001 
0111110101110011 
0111111001110011 
1000000101111110 
1000001010001010 
1000000010001100 
0111111001111010 
0111111011010111 
1000000100101101 
1000001101110110 
1000010000000110 
1000001010100101 
1000000001011000 
0111110111011111 
0111110001110001 
0111111000101111 
1000001000101100 
1000010000101001 
1000001001110100 
0111111101001100 
0111110100100111 
0111110100111111 
0111111110101010 
1000001010001110 
1000001100000101 
1000000011000110 
0111111001011011 
0111110100011100 
0111110010110000 
0111110111100010 
1000000100010001 
1000001001010110 
0111111101010000 
0111110101111001 
1000000000101010 
1000000101011101 
0111111000111011 
0111110110101111 
1000001001111010 
1000010100100001 
1000000011111111 
0111101100011011 
0111100111110001 
0111110111110111 
1000001010100010 
1000010000010010 
1000001000011011 
0111111100011111 
0111110110110000 
0111111011000000 
1000000001110111 
1000000000010101 
0111111011010100 
0111111111000001 
1000000101010000 
1000000011000000 
0111111101011000 
0111111011011100 
0111111101011110 
1000000101000000 
1000001101101101 
1000001000001001 
0111110101001101 
0111101101101111 
0111111010010110 
1000000111100001 
1000000111101111 
1000000001101010 
0111111110111110 
1000000000010011 
1000000010101001 
1000000100101000 
1000000011110110 
1000000000000100 
0111111101101001 
0111111111110000 
1000000010000111 
1000000000111100 
1000000010010111 
1000001000011110 
1000001000101011 
1000000000110011 
0111111110010101 
1000000100111111 
1000000100011011 
0111110101000111 
0111101011100110 
0111111000110011 
1000001001100110 
1000000101011001 
0111111001000110 
0111111011100101 
1000000100111001 
1000000100100000 
1000000000000000 
1000000000010111 
1000000001010101 
1000000000111110 
1000000001011001 
1000000001000101 
1000000001001111 
1000000010011000 
0111111110111011 
0111110111111001 
0111111000001101 
1000000000111001 
1000000101000000 
1000000001100011 
1000000000101011 
1000000011001011 
0111111111100000 
0111110111010100 
0111111000111001 
1000000100010101 
1000001000100010 
1000000001000000 
0111111010000100 
0111111010100000 
0111111111101100 
1000000110011001 
1000000111110001 
0111111110011101 
0111110101011111 
0111111010110000 
1000000111101000 
1000001001011001 
0111111110011101 
0111111010001001 
1000000010001101 
1000000101111011 
0111111111011010 
0111111011011011 
0111111111000001 
1000000010011000 
1000000010001001 
1000000001010100 
1000000000111100 
1000000001010000 
1000000001010110 
0111111111100010 
0111111101101111 
0111111110101110 
1000000000111011 
1000000001001101 
0111111111111100 
0111111111110011 
1000000000110100 
1000000000100110 
0111111111011011 
0111111111011010 
1000000000011001 
1000000000110011 
1000000000101000 
1000000000100001 
0111111111110111 
0111111110101100 
0111111110110100 
1000000000011010 
1000000000110111 
0111111111100010 
0111111111101010 
1000000001111010 
1000000010000001 
0111111111000110 
0111111110001010 
1000000000010101 
1000000000101011 
0111111110001010 
0111111101101001 
1000000000001111 
1000000010000111 
1000000001110110 
1000000000111011 
0111111111101100 
0111111110011011 
0111111110101000 
0111111111111010 
1000000000001100 
0111111111100110 
0111111111110101 
1000000000101000 
1000000000111010 
1000000000111111 
1000000000101111 
0111111111101100 
0111111110110000 
0111111110110100 
0111111111011100 
1000000000001110 
1000000000110100 
1000000000100010 
0111111111111111 
1000000000011011 
1000000000111001 
0111111111111100 
0111111110100110 
0111111110101000 
1000000000000000 
1000000000110111 
0111111111111101 
0111111111001110 
1000000000011100 
1000000001010110 
0111111111111010 
0111111110111100 
1000000000010101 
1000000001010010 
1000000000001001 
0111111110111010 
0111111111001000 
1000000000011001 
1000000001011110 
1000000001010011 
0111111111111101 
0111111110111010 
0111111110111111 
0111111111101011 
0111111111111001 
0111111111010100 
0111111111010001 
1000000000110000 
1000000001111110 
1000000000110000 
0111111111000001 
0111111110110110 
0111111111001101 
1000000000111000 
1000000000111101 
0111111100101110 
0111111101100100 
1000000101010111 
1000000011101101 
0111111001111100 
0111111100001111 
1000000101010110 
1000000010010110 
0111111100000010 
0111111111001000 
1000000010100011 
1000000000111110 
0111111111111010 
0111111111101101 
0111111111000111 
0111111111110000 
1000000000101110 
1000000000100111 
0111111111100111 
0111111110100110 
0111111111010101 
1000000001000100 
1000000000101011 
0111111110111110 
0111111111010100 
1000000000110001 
1000000000110001 
0111111111101100 
0111111111010000 
0111111111110001 
1000000000010111 
1000000000001010 
0111111111110011 
1000000000001111 
1000000000110111 
1000000000011011 
0111111111011001 
0111111111001010 
0111111111110111 
1000000000100001 
1000000000010100 
0111111111010101 
0111111110110111 
0111111111110101 
1000000000111100 
1000000000100110 
0111111111100100 
0111111111001111 
0111111111100011 
1000000000000011 
1000000000011100 
0111111111111111 
0111111111001110 
0111111111101110 
1000000000111000 
1000000000100001 
0111111111010101 
0111111111100110 
1000000000101100 
1000000000100101 
0111111111101010 
0111111111010101 
0111111111111000 
1000000000101110 
1000000000110010 
0111111111111010 
0111111111100010 
1000000000001011 
1000000000010101 
0111111111100111 
0111111111011000 
1000000000001010 
1000000000111011 
1000000000101110 
0111111111110001 
0111111111011100 
1000000000000100 
1000000000010011 
0111111111111000 
1000000000000000 
1000000000011110 
1000000000010001 
0111111111111001 
0111111111111110 
0111111111110101 
0111111111011100 
0111111111101010 
1000000000001100 
1000000000001010 
0111111111110000 
0111111111101111 
1000000000001000 
1000000000011010 
1000000000010001 
0111111111101010 
0111111111010100 
0111111111110100 
1000000000011111 
1000000000011011 
0111111111111000 
0111111111101010 
0111111111110100 
0111111111110101 
0111111111111011 
1000000000011000 
1000000000100011 
1000000000000111 
0111111111110110 
0111111111110101 
0111111111100001 
0111111111100010 
1000000000010101 
1000000000101001 
0111111111111110 
0111111111101110 
1000000000001110 
1000000000010011 
0111111111110101 
0111111111101101 
1000000000001010 
1000000000100010 
1000000000001011 
0111111111100010 
0111111111101010 
1000000000010011 
1000000000010101 
0111111111110011 
0111111111101111 
1000000000010011 
1000000000100110 
1000000000001010 
0111111111100111 
0111111111101100 
1000000000000110 
1000000000000100 
0111111111111000 
1000000000000100 
1000000000001110 
1000000000000010 
0111111111111110 
1000000000000000 
0111111111101100 
0111111111011001 
0111111111101111 
1000000000010011 
1000000000010010 
0111111111110111 
0111111111101111 
1000000000000011 
1000000000001011 
0111111111111000 
0111111111110010 
1000000000000111 
1000000000010010 
1000000000000000 
0111111111110101 
1000000000000100 
1000000000000111 
0111111111111000 
1000000000000010 
1000000000010101 
0111111111111110 
0111111111011001 
0111111111101001 
1000000000001001 
1000000000000010 
0111111111111100 
1000000000011000 
1000000000100101 
1000000000001001 
0111111111110000 
0111111111101100 
0111111111101010 
0111111111111001 
1000000000010101 
1000000000010011 
0111111111111010 
0111111111111011 
1000000000001101 
1000000000001001 
0111111111110111 
0111111111110000 
1000000000000011 
1000000000011111 
1000000000011010 
0111111111111000 
0111111111110011 
1000000000001100 
1000000000001100 
0111111111111001 
0111111111111111 
1000000000000111 
0111111111111010 
0111111111111010 
1000000000001110 
1000000000001101 
0111111111111000 
0111111111110101 
0111111111111110 
1000000000000000 
1000000000001001 
1000000000010101 
1000000000001001 
0111111111101110 
0111111111101001 
1000000000000011 
1000000000010110 
1000000000000100 
0111111111101011 
0111111111110001 
1000000000001011 
1000000000010001 
0111111111111101 
0111111111110000 
0111111111111111 
1000000000001111 
1000000000001000 
0111111111111010 
1000000000000010 
1000000000001101 
1000000000000001 
0111111111111000 
1000000000000000 
1000000000001000 
1000000000000110 
0111111111111011 
0111111111110011 
0111111111111000 
1000000000000000 
0111111111111011 
0111111111110110 
1000000000000010 
1000000000001000 
0111111111111110 
0111111111111000 
1000000000000011 
1000000000001111 
1000000000001001 
0111111111110110 
0111111111101011 
0111111111110100 
1000000000001000 
1000000000001111 
1000000000000101 
0111111111110101 
0111111111110011 
1000000000000100 
1000000000001101 
1000000000000011 
1000000000000001 
1000000000001101 
1000000000001110 
0111111111111000 
0111111111101010 
0111111111110100 
1000000000000101 
1000000000001001 
1000000000000010 
0111111111111100 
1000000000000101 
1000000000001100 
1000000000000010 
0111111111110011 
0111111111111000 
1000000000001001 
1000000000001101 
1000000000000001 
0111111111111000 
0111111111111101 
1000000000001010 
1000000000000111 
0111111111110110 
0111111111110111 
1000000000001010 
1000000000001010 
0111111111110111 
0111111111110100 
0111111111111111 
1000000000000110 
1000000000001011 
1000000000000110 
0111111111110111 
0111111111111010 
1000000000001010 
0111111111111111 
0111111111101101 
0111111111111010 
1000000000001101 
1000000000000100 
0111111111110111 
0111111111111000 
0111111111110111 
0111111111110110 
1000000000000100 
1000000000010001 
1000000000000110 
0111111111110001 
0111111111101110 
0111111111111111 
1000000000001101 
1000000000000110 
0111111111110101 
0111111111111011 
1000000000001101 
1000000000001000 
0111111111111001 
0111111111111110 
1000000000001001 
1000000000001000 
1000000000000001 
0111111111111100 
0111111111111001 
0111111111111101 
1000000000000111 
1000000000001010 
1000000000000011 
0111111111111001 
0111111111110110 
0111111111111100 
1000000000000001 
1000000000000001 
1000000000000000 
0111111111111010 
0111111111110110 
1000000000000010 
1000000000001011 
1000000000000101 
0111111111110101 
0111111111110100 
0111111111101101 
1000000001010011 
1000000001011111 
0111111110010001 
0111111100010100 
0111111111111010 
1000000011011101 
1000000010010110 
0111111111110111 
0111111111111011 
1000000000000001 
0111111111111110 
0111111111111110 
1000000000000001 
1000000000000001 
1000000000000011 
1000000000000001 
1000000000000001 
1000000000000000 
1000000000000000 
1000000000000000 
1000000000000000 
1000000000000000 
1000000000000000 
1000000000000000 
1000000000000000 
1000000000000000 
