0111111111110100 
0111111111111101 
1000000000000111 
1000000000001001 
1000000000000010 
0111111111110101 
0111111111110101 
0111111111100011 
0111111110111001 
0111111110111110 
1000000001000100 
1000000100000000 
1000000101001110 
1000000011111010 
1000000001110000 
1000000000011101 
1000000000010011 
1000000000011011 
1000000000010111 
1000000000001001 
0111111111110100 
0111111111100101 
0111111111100000 
0111111111100010 
0111111111101101 
0111111111111001 
0111111111110000 
0111111111010110 
0111111111001101 
0111111111101101 
1000000000011010 
1000000000101001 
1000000000010110 
0111111111111110 
1000000000000000 
1000000000011101 
1000000000111010 
1000000000111110 
1000000000101011 
1000000000100001 
1000000000110011 
1000000001001000 
1000000000111100 
1000000000010100 
0111111111111100 
1000000000001011 
1000000000100011 
1000000000011110 
1000000000000110 
0111111111110100 
0111111111100111 
0111111111011110 
0111111111101101 
1000000000001100 
1000000000011011 
1000000000001100 
0111111111110100 
0111111111101010 
0111111111101101 
0111111111110100 
0111111111111111 
1000000000010001 
1000000000101001 
1000000000111110 
1000000001000000 
1000000000110000 
1000000000100001 
1000000000001111 
0111111111101001 
0111111111001010 
0111111111100110 
1000000000011011 
1000000000011010 
0111111111101110 
0111111111011000 
0111111111011001 
0111111111011011 
0111111111111001 
1000000000111011 
1000000001010100 
1000000000010111 
0111111111010000 
0111111111010011 
0111111111110111 
0111111111111001 
0111111111100110 
0111111111011100 
0111111111001010 
0111111110111101 
0111111111101010 
1000000000111001 
1000000001011000 
1000000000111010 
1000000000010111 
1000000000001110 
1000000000010100 
1000000000001001 
0111111111010111 
0111111110011011 
0111111110001011 
0111111110100100 
0111111111001000 
0111111111110111 
1000000000110001 
1000000001001111 
1000000001000110 
1000000000110000 
1000000000011110 
1000000000011111 
1000000000100101 
0111111111110101 
0111111110100110 
0111111110101111 
1000000000001000 
1000000000010111 
0111111111010111 
0111111111100101 
1000000001000100 
1000000001100001 
1000000000111001 
1000000000101010 
1000000000010101 
0111111111001010 
0111111110101110 
0111111111110111 
1000000000101110 
1000000000010011 
0111111111111000 
1000000000010010 
1000000000110011 
1000000001000111 
1000000001001011 
1000000000010100 
0111111110111000 
0111111110111011 
1000000000100110 
1000000001010100 
1000000000010100 
0111111111101110 
0111111111111101 
0111111111100000 
0111111110101010 
0111111110101010 
0111111110111110 
0111111110110100 
0111111110101101 
0111111110111100 
0111111111010010 
0111111111101111 
0111111111111011 
0111111111011101 
0111111111010011 
1000000000010001 
1000000001011000 
1000000001011001 
1000000001000001 
1000000001011010 
1000000001111011 
1000000001011000 
1000000000011100 
1000000000101110 
1000000001110100 
1000000001110101 
1000000000100011 
0111111111011101 
0111111110110110 
0111111110011011 
0111111110111110 
1000000000011101 
1000000000110100 
0111111111011100 
0111111110100100 
0111111111011101 
1000000000110000 
1000000000110010 
0111111111101010 
0111111110111100 
0111111111011010 
0111111111101111 
0111111111000110 
0111111110111010 
0111111111111000 
1000000000110011 
1000000001000000 
1000000000110010 
1000000000000011 
0111111111000101 
0111111110011111 
0111111101111011 
0111111101010110 
0111111101110110 
0111111111100001 
1000000000110010 
1000000000110111 
1000000000101001 
1000000000110010 
1000000000011001 
0111111110100000 
0111111100110101 
0111111110001001 
1000000001100011 
1000000011011000 
1000000010010111 
1000000000011100 
0111111111111111 
1000000001100011 
1000000010110010 
1000000001011010 
0111111111001111 
0111111111000000 
0111111111011101 
0111111110110010 
0111111110010011 
0111111111000001 
1000000000010011 
1000000010000101 
1000000011101010 
1000000011000100 
1000000000101000 
0111111110101010 
0111111101101010 
0111111101000000 
0111111101010011 
0111111110111010 
1000000000101000 
1000000001111111 
1000000011001010 
1000000010011100 
0111111110100010 
0111111010011001 
0111111010100111 
0111111110110110 
1000000010010111 
1000000010101011 
1000000001011100 
1000000000010010 
0111111111011000 
0111111111000100 
0111111111101111 
1000000000110111 
1000000001111011 
1000000010011110 
1000000001110100 
1000000000110110 
1000000000110011 
1000000000001110 
0111111110100101 
0111111111001001 
1000000010001001 
1000000010100010 
0111111110110010 
0111111100000111 
0111111101110101 
1000000001001000 
1000000010101100 
1000000010110010 
1000000010110100 
1000000010101011 
1000000001110010 
1000000001000001 
1000000000100000 
0111111110100001 
0111111011100100 
0111111011101000 
0111111111011011 
1000000001111001 
0111111111110010 
0111111100111101 
0111111110010001 
1000000010010110 
1000000011111111 
1000000001111101 
0111111111100001 
0111111110010011 
0111111101100000 
0111111110000101 
1000000000100101 
1000000001100000 
0111111111000110 
0111111101100010 
0111111111101101 
1000000010011111 
1000000011001000 
1000000010111001 
1000000010101011 
1000000001011100 
0111111111101000 
0111111110110011 
0111111110101100 
0111111110000010 
0111111101011111 
0111111110010111 
0111111111111101 
1000000000110000 
1000000000101011 
1000000000100111 
1000000001001101 
1000000010011101 
1000000010110010 
1000000000000010 
0111111100000010 
0111111011111100 
1000000000001101 
1000000010101100 
0111111111111111 
0111111100111001 
0111111110011001 
1000000001110011 
1000000010011000 
1000000001000110 
1000000000110101 
1000000001001000 
1000000000101001 
0111111111111110 
0111111111110010 
1000000000000110 
1000000000001111 
0111111110111011 
0111111100110101 
0111111101000011 
1000000000000111 
1000000010110011 
1000000011000111 
1000000001101010 
0111111111011010 
0111111101110110 
0111111111011011 
1000000011110100 
1000000101110110 
1000000010000000 
0111111100111010 
0111111100110000 
1000000000101000 
1000000011110101 
1000000100000011 
1000000001101100 
0111111111000101 
0111111111011001 
1000000001101110 
1000000001011111 
0111111110100111 
0111111101100101 
0111111111111100 
1000000010010000 
1000000001001000 
0111111101110111 
0111111100110111 
0111111111111010 
1000000011101010 
1000000010110010 
0111111101101000 
0111111011001011 
0111111110111111 
1000000010111110 
1000000001100010 
0111111110011111 
0111111110001100 
0111111110100011 
0111111110011011 
0111111111101110 
1000000001011011 
1000000001010011 
1000000000001111 
0111111111010011 
0111111110000001 
0111111101101100 
1000000000010000 
1000000011110110 
1000000100101110 
1000000010000111 
0111111110011111 
0111111100100011 
0111111100110001 
0111111110010011 
1000000000001111 
1000000000111000 
0111111111110110 
1000000000011000 
1000000011010001 
1000000011011011 
0111111111100100 
0111111101101000 
0111111110111110 
0111111111000011 
0111111110011111 
1000000000100101 
1000000010001010 
0111111111010001 
0111111011100110 
0111111100010001 
1000000000100111 
1000000100111010 
1000000110100111 
1000000100100011 
0111111111101110 
0111111100011101 
0111111110000111 
1000000010000001 
1000000011011000 
1000000001100000 
0111111110101000 
0111111100111110 
0111111110001001 
1000000000110000 
1000000000111100 
0111111110011000 
0111111100101101 
0111111101111101 
1000000000010001 
1000000001000101 
1000000000010101 
0111111111100010 
0111111110111010 
0111111101100001 
0111111100110010 
0111111111010001 
1000000011001001 
1000000011110011 
1000000001001111 
0111111111100001 
0111111111100100 
0111111111100000 
1000000000011101 
1000000011001001 
1000000011100011 
1000000000010011 
0111111110011110 
1000000000010011 
1000000001000100 
0111111111000010 
0111111110101111 
1000000000111100 
1000000000110010 
0111111101010011 
0111111011100101 
0111111110101000 
1000000010110011 
1000000011010101 
1000000000011101 
0111111110011010 
0111111111000110 
0111111111101001 
0111111110100000 
0111111111001000 
1000000011100000 
1000000111011110 
1000000110010010 
1000000001000000 
0111111100111000 
0111111100111100 
0111111111011001 
1000000001001001 
1000000001010110 
1000000000101110 
0111111111011000 
0111111101110011 
0111111110001010 
1000000001010010 
1000000100100110 
1000000100011100 
1000000000010000 
0111111100011001 
0111111101010000 
1000000001010001 
1000000011010011 
1000000010000100 
1000000000001110 
0111111101111110 
0111111011100010 
0111111101011000 
1000000100010010 
1000001000000111 
1000000011100100 
0111111100111101 
0111111011111001 
0111111110111101 
1000000001001000 
1000000000110100 
0111111110110001 
0111111100100011 
0111111100110101 
1000000000011011 
1000000011010100 
1000000001010101 
0111111101001111 
0111111100101000 
0111111110011000 
0111111110100111 
0111111111010000 
1000000010100000 
1000000011111000 
1000000000101000 
0111111110000010 
0111111111001000 
0111111111100100 
0111111101111000 
0111111110010111 
1000000000111010 
1000000000011101 
0111111101010010 
0111111101100000 
1000000001110111 
1000000011101010 
1000000000010010 
0111111101010110 
0111111110110111 
1000000001111111 
1000000011011100 
1000000011010001 
1000000001010111 
0111111110001110 
0111111101111011 
1000000001100001 
1000000011101010 
1000000001000001 
0111111101001110 
0111111100010001 
0111111110001111 
1000000001100010 
1000000011010110 
1000000001010011 
0111111110000011 
0111111101010111 
0111111110010101 
0111111110110010 
0111111111101101 
1000000010001001 
1000000100000110 
1000000011001111 
0111111111111010 
0111111101010011 
0111111110111010 
1000000011010011 
1000000100011100 
1000000000101001 
0111111101110101 
0111111111000111 
1000000000011010 
0111111111111000 
1000000000001000 
1000000000110111 
1000000000000011 
0111111111000011 
0111111111000000 
0111111110001000 
0111111101010011 
0111111111101001 
1000000011111101 
1000000101011111 
1000000010001111 
0111111101100001 
0111111100010011 
0111111110011111 
0111111110111001 
0111111100101111 
0111111110000011 
1000000011011000 
1000000100101111 
1000000000000000 
0111111100101101 
0111111110101001 
1000000001000011 
1000000000100101 
0111111111011100 
0111111111100010 
0111111111110100 
0111111111011011 
0111111111001011 
0111111110111001 
0111111101011110 
0111111100100111 
0111111110011111 
0111111111111100 
0111111101110000 
0111111100100000 
0111111111111010 
1000000010100010 
1000000000010101 
0111111110001110 
0111111111101110 
1000000001101100 
1000000001110110 
1000000000110100 
0111111111001010 
0111111110011100 
1000000000000100 
1000000001101010 
1000000000001001 
0111111101100110 
0111111110010011 
1000000001100100 
1000000010100010 
0111111111001101 
0111111011101010 
0111111100100000 
1000000000010100 
1000000010000101 
1000000000011100 
0111111110011111 
0111111110101000 
1000000000000011 
1000000001000100 
1000000001010000 
1000000000110011 
1000000000000101 
0111111111101011 
0111111111101011 
0111111111001110 
0111111110100001 
0111111111010010 
1000000000111110 
1000000001011111 
1000000001101001 
1000000010010101 
1000000001111000 
0111111111111111 
0111111110110100 
0111111111000101 
0111111111111000 
1000000000101000 
1000000000011100 
0111111111011010 
0111111111011110 
1000000000001000 
0111111111001110 
0111111110011110 
1000000000000101 
1000000000111011 
0111111110101111 
0111111101100111 
1000000000000101 
1000000010011000 
1000000001101001 
0111111111101011 
0111111110101110 
0111111110111011 
0111111111010001 
0111111111011000 
1000000000001011 
1000000001011111 
1000000001100101 
1000000000011110 
0111111111101100 
0111111111000111 
0111111110100111 
0111111111010101 
1000000000011000 
0111111111110100 
0111111111000111 
1000000000001010 
1000000001001111 
1000000000111011 
1000000000010110 
0111111111100001 
0111111101111010 
0111111101100101 
0111111111110010 
1000000001111101 
1000000001110101 
1000000000011010 
0111111111101011 
1000000000000110 
1000000000100000 
1000000000001110 
0111111111111101 
0111111111110010 
0111111111011101 
0111111111111001 
1000000001000110 
1000000001001010 
0111111111101001 
0111111110011011 
0111111110111011 
1000000000001101 
1000000000011011 
0111111111011100 
0111111111001111 
1000000000010110 
1000000000101111 
0111111111110100 
0111111111010111 
0111111111101011 
1000000000000001 
1000000000001101 
1000000000000100 
0111111111011110 
0111111110111110 
0111111111001110 
0111111111111101 
1000000000010111 
1000000000000101 
0111111111101111 
1000000000010111 
1000000001001011 
1000000000011110 
0111111111001100 
0111111111000011 
0111111111100001 
0111111111110000 
1000000000001110 
1000000000110101 
1000000000011111 
0111111111011111 
0111111111010011 
0111111111111000 
1000000000000111 
0111111111111010 
1000000000000011 
1000000000011111 
1000000000011110 
0111111111111011 
0111111111010101 
0111111111000111 
0111111111101101 
1000000000101101 
1000000001001000 
1000000000101100 
0111111111101010 
0111111110101011 
0111111110111101 
1000000000010111 
1000000000110110 
0111111111111000 
0111111111011010 
0111111111111111 
1000000000001010 
0111111111101100 
0111111111110010 
1000000000011011 
1000000000100101 
0111111111110101 
0111111110111010 
0111111111001100 
1000000000100111 
1000000000111111 
0111111111100000 
0111111110011100 
0111111111011101 
1000000000110010 
1000000000100100 
0111111111101110 
0111111111101011 
1000000000001101 
1000000000100011 
1000000000100001 
1000000000000111 
0111111111100001 
0111111111011000 
1000000000000000 
1000000000101100 
1000000000011010 
0111111111010111 
0111111110111100 
0111111111100001 
1000000000011110 
1000000001001011 
1000000000111100 
0111111111101000 
0111111110111001 
0111111111111100 
1000000000111100 
1000000000001010 
0111111111010011 
1000000000000010 
1000000000101111 
0111111111111111 
0111111111011000 
1000000000001010 
1000000000101000 
0111111111101110 
0111111111000001 
0111111111101100 
1000000000011110 
1000000000011000 
1000000000001010 
1000000000000011 
0111111111101001 
0111111111101011 
1000000000011110 
1000000000100101 
0111111111100010 
0111111111000010 
0111111111101100 
1000000000011110 
1000000000101011 
1000000000001010 
0111111111101000 
1000000000000101 
1000000000101010 
1000000000000011 
0111111111011011 
1000000000000010 
1000000000011110 
0111111111110110 
0111111111100001 
0111111111111000 
0111111111111001 
0111111111101101 
1000000000001000 
1000000000011111 
1000000000001000 
0111111111110100 
1000000000000111 
1000000000001101 
0111111111110011 
0111111111110000 
1000000000001000 
1000000000001001 
0111111111110110 
0111111111110000 
0111111111111100 
1000000000001011 
1000000000001110 
1000000000000110 
1000000000000100 
1000000000000110 
0111111111111111 
1000000000000001 
1000000000010110 
1000000000010011 
0111111111110001 
0111111111011111 
0111111111101010 
0111111111111100 
1000000000010101 
1000000000100001 
1000000000000010 
0111111111100111 
1000000000001000 
1000000000101011 
1000000000000110 
0111111111010001 
0111111111100010 
1000000000001001 
1000000000000000 
0111111111101001 
0111111111111101 
1000000000011110 
1000000000010001 
0111111111110011 
0111111111111000 
1000000000010000 
1000000000001010 
0111111111110010 
0111111111110100 
1000000000000100 
0111111111111011 
0111111111101110 
0111111111111010 
1000000000000101 
0111111111111001 
0111111111111100 
1000000000011001 
1000000000011001 
0111111111110010 
0111111111011101 
0111111111110011 
1000000000001111 
1000000000010110 
1000000000001100 
0111111111111001 
0111111111101110 
0111111111111010 
1000000000001101 
1000000000001111 
0111111111110110 
0111111111101000 
1000000000000100 
1000000000011110 
1000000000010000 
0111111111110100 
0111111111100111 
0111111111110010 
1000000000010010 
1000000000011011 
0111111111111100 
0111111111110001 
1000000000001001 
1000000000000000 
0111111111101000 
0111111111111101 
1000000000010110 
1000000000001010 
1000000000000001 
1000000000000111 
0111111111111011 
0111111111101001 
0111111111110001 
1000000000001010 
1000000000001111 
0111111111111111 
0111111111110111 
0111111111111010 
0111111111111010 
1000000000000100 
1000000000011001 
1000000000001110 
0111111111100100 
0111111111100101 
1000000000010001 
1000000000010100 
0111111111110100 
0111111111110011 
1000000000001011 
1000000000001100 
0111111111111111 
1000000000000100 
1000000000000111 
1000000000000000 
1000000000000110 
1000000000000110 
0111111111110010 
0111111111101110 
1000000000000111 
1000000000001110 
0111111111111000 
0111111111101111 
0111111111110111 
1000000000000000 
1000000000001111 
1000000000010011 
0111111111111010 
0111111111100101 
0111111111110010 
1000000000000100 
1000000000000010 
0111111111111101 
1000000000000000 
0111111111111100 
1000000000000000 
1000000000010000 
1000000000010011 
1000000000000110 
0111111111111111 
0111111111111001 
0111111111110011 
0111111111111001 
1000000000000100 
0111111111111100 
0111111111111100 
1000000000010101 
1000000000011111 
1000000000000011 
0111111111101110 
0111111111111010 
1000000000001100 
1000000000001000 
1000000000000111 
1000000000001010 
1000000000000100 
1000000000000000 
1000000000001010 
1000000000001111 
1000000000000010 
0111111111110111 
0111111111111111 
1000000000001000 
1000000000001000 
1000000000000011 
0111111111110100 
0111111111100010 
0111111111100011 
0111111111111010 
1000000000000111 
0111111111111100 
0111111111110110 
0111111111111100 
1000000000000001 
1000000000000100 
1000000000000101 
1000000000000101 
1000000000000101 
1000000000000100 
0111111111111111 
0111111111110110 
0111111111110111 
1000000000000010 
1000000000001011 
1000000000001100 
1000000000001011 
1000000000001001 
1000000000000100 
0111111111110111 
0111111111110100 
0111111111111111 
1000000000001110 
1000000000001100 
0111111111111000 
0111111111101101 
0111111111111010 
1000000000000011 
0111111111111111 
1000000000000010 
1000000000001000 
1000000000000011 
0111111111110111 
0111111111111011 
0111111111100010 
1000000000111100 
1000000001010100 
0111111110001110 
0111111100000010 
0111111111100000 
1000000011010001 
1000000010010111 
0111111111110101 
0111111111110111 
0111111111111011 
0111111111111100 
1000000000000001 
1000000000000100 
1000000000000011 
1000000000000010 
1000000000000001 
1000000000000001 
1000000000000000 
1000000000000000 
1000000000000000 
1000000000000000 
1000000000000000 
1000000000000000 
1000000000000000 
1000000000000000 
1000000000000000 
