0111111111110001 
0111111111110001 
1000000000000001 
1000000000001110 
1000000000001100 
1000000000000011 
1000000000001011 
1000000001001101 
1000000001110110 
0111111111111000 
0111111100111001 
0111111101000011 
1000000000001001 
1000000001110001 
1000000000101000 
0111111111011110 
0111111111011100 
0111111111101110 
0111111111101000 
0111111111100000 
0111111111110111 
1000000000011011 
1000000000011100 
0111111111110011 
0111111111010110 
0111111111101101 
1000000000101000 
1000000001000100 
1000000000010011 
0111111111000101 
0111111110101111 
0111111111010010 
0111111111101010 
0111111111100010 
0111111111100110 
1000000000000101 
1000000000100000 
1000000000100100 
1000000000011110 
1000000000011010 
1000000000010111 
1000000000010101 
1000000000011000 
1000000000010011 
0111111111111011 
0111111111011000 
0111111110111001 
0111111110101011 
0111111110110011 
0111111111001011 
0111111111101011 
1000000000001011 
1000000000101011 
1000000001000100 
1000000000111111 
1000000000010100 
0111111111101100 
0111111111101010 
1000000000000011 
1000000000010010 
1000000000001000 
0111111111100101 
0111111111000011 
0111111111000101 
0111111111110001 
1000000000100001 
1000000000110000 
1000000000101000 
1000000000100100 
1000000000100010 
1000000000000100 
0111111111011101 
0111111111100100 
1000000000000110 
1000000000000000 
0111111111101110 
1000000000010011 
1000000000111100 
1000000000100111 
1000000000010100 
1000000000111111 
1000000001010011 
1000000000000000 
0111111110010110 
0111111101111101 
0111111110100011 
0111111111010000 
1000000000000011 
1000000000110000 
1000000000111011 
1000000000101110 
1000000000010010 
0111111111010010 
0111111110011110 
0111111111001011 
1000000000111010 
1000000001111100 
1000000001111011 
1000000001101010 
1000000001001101 
1000000000010001 
0111111111011001 
0111111111010010 
0111111111101100 
0111111111111100 
0111111111111010 
0111111111110100 
0111111111110101 
0111111111111100 
0111111111111000 
0111111111100011 
0111111111010101 
0111111111101100 
1000000000001110 
1000000000001010 
0111111111110111 
1000000000010001 
1000000000111011 
1000000000100011 
0111111111010011 
0111111110101100 
0111111111010100 
0111111111111110 
0111111111101100 
0111111111011001 
1000000000010000 
1000000001011000 
1000000001010011 
1000000000110000 
1000000001000011 
1000000001010010 
1000000000000110 
0111111110011100 
0111111101111111 
0111111110011010 
0111111110101100 
0111111111010100 
1000000000111011 
1000000001110101 
1000000000010110 
0111111110011011 
0111111110101100 
1000000000000010 
1000000000001101 
0111111111100011 
0111111111000110 
0111111110101001 
0111111110100001 
0111111111001011 
0111111111011101 
0111111110110111 
0111111110101110 
0111111111100011 
1000000000010111 
1000000000111001 
1000000001100000 
1000000001111010 
1000000001101111 
1000000001010011 
1000000000111100 
1000000000101001 
1000000000001001 
0111111111101010 
0111111111110110 
1000000000010001 
0111111111101010 
0111111110011011 
0111111110010000 
0111111111010000 
1000000000000010 
0111111111110000 
0111111110111010 
0111111110100110 
0111111111010001 
1000000000001010 
1000000000010111 
1000000000000101 
0111111111111100 
1000000000001011 
1000000000011100 
0111111111101111 
0111111101111001 
0111111101001110 
0111111111011001 
1000000001110001 
1000000000111010 
0111111110011101 
0111111110100101 
1000000000101111 
1000000001000011 
0111111111010111 
0111111111001100 
1000000001000100 
1000000001110101 
1000000000011100 
0111111111100011 
1000000000110110 
1000000010011100 
1000000010000000 
1000000000000110 
0111111111001010 
1000000000001001 
1000000001000010 
0111111111111001 
0111111101101000 
0111111100001001 
0111111100000001 
0111111101100101 
1000000000100100 
1000000010101101 
1000000010001111 
0111111111110101 
0111111101001111 
0111111100111001 
1000000000001000 
1000000011011100 
1000000001110111 
0111111100110111 
0111111010011110 
0111111100100011 
0111111111011110 
1000000000010001 
0111111111100101 
0111111111001111 
0111111111100100 
1000000000001011 
1000000001010001 
1000000010011110 
1000000010000110 
1000000000001101 
0111111111000100 
0111111111010011 
0111111111110111 
1000000000100110 
1000000001010110 
1000000001000011 
1000000000000011 
1000000000000010 
1000000000110101 
1000000001001101 
1000000001000100 
1000000000110000 
1000000000100101 
1000000001011100 
1000000011000110 
1000000011101110 
1000000010011000 
1000000000100111 
1000000000000011 
0111111111100111 
0111111101111100 
0111111100101011 
0111111101100101 
0111111111010011 
1000000000001101 
1000000000101010 
1000000000010111 
0111111110000010 
0111111010111111 
0111111010101111 
0111111101111000 
1000000001011110 
1000000010110000 
1000000001110000 
1000000000010011 
1000000000000111 
1000000001010100 
1000000010100001 
1000000001100101 
0111111110001001 
0111111011011111 
0111111100100110 
0111111111010010 
1000000000011111 
1000000001010100 
1000000010011001 
1000000001000001 
0111111101111100 
0111111101110001 
1000000000000001 
0111111111100111 
0111111100101110 
0111111100100010 
0111111111101110 
1000000001100100 
1000000000110000 
1000000000100011 
1000000001110010 
1000000010011101 
1000000010001111 
1000000001100111 
1000000000110010 
1000000000101101 
1000000001011111 
1000000001010111 
0111111111111111 
0111111110110101 
0111111110011100 
0111111110111100 
1000000000000001 
1000000000001101 
0111111111011111 
0111111111100011 
0111111111110100 
0111111110101110 
0111111101110100 
0111111110111010 
1000000000011001 
1000000000001111 
0111111111000000 
0111111110010110 
0111111111010100 
1000000001010010 
1000000010001011 
1000000000110011 
0111111110111001 
0111111110100101 
0111111111100011 
1000000000001001 
1000000000001010 
1000000000101001 
1000000001010000 
1000000000010000 
0111111101111001 
0111111100110011 
0111111110000101 
1000000000010000 
1000000010011000 
1000000011110110 
1000000010010000 
0111111110001111 
0111111101000000 
0111111111011011 
1000000000100100 
0111111111101011 
1000000000010001 
1000000001011110 
1000000000111000 
1000000000011010 
1000000001010001 
1000000001101010 
1000000001010111 
1000000001000000 
1000000000011010 
1000000000100010 
1000000001101001 
1000000000111011 
0111111110000111 
0111111101101111 
1000000000011010 
1000000001011000 
0111111111001100 
0111111101011110 
0111111110001101 
0111111111011100 
0111111111101001 
0111111111010110 
0111111111001000 
0111111111011001 
1000000000100010 
1000000001101110 
1000000001001110 
0111111111011010 
0111111110110101 
1000000000000000 
1000000000110100 
1000000000101000 
1000000000011101 
1000000000100110 
1000000000010110 
0111111111010011 
0111111110001010 
0111111110000100 
0111111111000111 
1000000000110010 
1000000001111011 
1000000000110101 
0111111110001001 
0111111101100010 
0111111111110100 
1000000000110001 
0111111111001110 
0111111111100000 
1000000010100010 
1000000011101011 
1000000000100111 
0111111101001100 
0111111101110100 
1000000010000100 
1000000101100101 
1000000100001110 
0111111111000110 
0111111100100010 
0111111111111001 
1000000100010010 
1000000011110110 
1000000000000101 
0111111110000010 
0111111111000101 
1000000000110001 
1000000001100111 
1000000001111010 
1000000000111111 
0111111110011110 
0111111100010101 
0111111011110000 
0111111100001101 
0111111111010110 
1000000101100110 
1000001000011010 
1000000011100100 
0111111110001111 
0111111111111000 
1000000100011011 
1000000100100001 
1000000000010100 
0111111100110001 
0111111101001001 
1000000000101111 
1000000011100100 
1000000010101110 
1000000000011000 
0111111111101111 
1000000000001000 
1000000000011110 
1000000001011110 
1000000001110110 
1000000000010110 
0111111111111100 
1000000010010110 
1000000011011110 
1000000001000000 
0111111110111101 
0111111111101111 
1000000000010110 
0111111110111010 
0111111110000001 
0111111111110001 
1000000010100001 
1000000010111011 
1000000000000110 
0111111100111100 
0111111100111100 
0111111111100100 
1000000001001100 
1000000000110010 
1000000000100100 
1000000001001010 
1000000000111110 
0111111111111100 
0111111111000000 
0111111101100000 
0111111100111101 
1000000001100000 
1000001000011011 
1000001000100011 
1000000000000111 
0111110111010011 
0111110101000111 
0111111010011011 
1000000010110001 
1000000110010110 
1000000100000000 
1000000011000010 
1000000011111101 
0111111111001000 
0111110101111111 
0111110011000011 
0111111001011101 
1000000100001110 
1000001110001010 
1000010000000001 
1000000100000000 
0111110011110100 
0111110010111110 
1000000010101001 
1000001011010111 
0111111110110100 
0111101111011111 
0111110011000001 
1000000000000000 
1000000010110110 
0111111111101110 
1000000100100010 
1000001011100001 
1000000110111000 
0111111011100011 
0111111000000111 
0111111110011011 
1000000100010001 
1000000100001000 
1000000011101110 
1000001000001000 
1000001000110101 
0111111100111010 
0111110010111000 
0111111100011110 
1000001001101110 
1000000011101110 
0111111000000001 
0111111100111111 
1000001001000101 
1000001000010000 
0111111101111100 
0111111000111010 
0111111100000101 
1000000000101001 
1000000010100101 
1000000100100000 
1000000101010111 
0111111111110000 
0111111000110011 
0111111010111001 
1000000010111110 
1000000100110100 
0111111100011111 
0111110011011101 
0111110110111111 
1000000110001000 
1000001100111100 
1000000000100100 
0111110100111111 
0111111011111110 
1000000110001000 
1000000011101110 
0111111111101110 
1000000000111010 
0111111101011000 
0111111000011111 
0111111101101101 
1000000100101101 
1000000010000101 
0111111101111001 
0111111111000011 
0111111110111001 
0111111100001001 
0111111101001010 
0111111111101011 
0111111101100001 
0111111001111101 
0111111011101011 
1000000001000100 
1000000011100101 
1000000010111101 
1000000011011100 
1000000100111101 
1000000011101111 
0111111111001010 
0111111100110101 
1000000000011101 
1000000011111000 
1000000001001010 
0111111100010110 
0111111011110100 
0111111110100010 
1000000000011000 
1000000000010000 
0111111111100110 
1000000000010011 
1000000001010110 
1000000000101001 
0111111111110001 
1000000000000001 
0111111111010010 
0111111110000010 
0111111111100011 
1000000010001110 
1000000001110000 
0111111111011100 
0111111110111000 
0111111111110110 
1000000000100110 
1000000000101100 
0111111111111111 
0111111110100111 
0111111110011011 
1000000000100011 
1000000010011001 
1000000001011100 
0111111111011010 
0111111111000101 
0111111111110110 
0111111111110000 
0111111111010000 
0111111111011110 
1000000000000101 
1000000000110101 
1000000001010101 
1000000000011011 
0111111110111111 
0111111111100101 
1000000000111111 
0111111111110110 
0111111101111111 
0111111111000100 
1000000001011101 
1000000001101001 
0111111111100101 
0111111101110100 
0111111110110101 
1000000001100110 
1000000001110001 
0111111111000101 
0111111110010110 
1000000000010101 
1000000001001010 
1000000000000110 
0111111111001001 
0111111111000010 
0111111111100001 
0111111111110001 
0111111111111000 
1000000001001001 
1000000010000000 
0111111111110111 
0111111101110100 
0111111111110110 
1000000010010110 
1000000001001010 
0111111110110100 
0111111110100001 
0111111111110011 
1000000001001101 
1000000001100000 
1000000000000111 
0111111110101010 
0111111111010111 
1000000001010010 
1000000001010110 
0111111111000100 
0111111101110111 
0111111111111000 
1000000010000110 
1000000001001100 
0111111110111000 
0111111110000110 
0111111111000000 
1000000000100011 
1000000001100010 
1000000001000011 
1000000000001011 
1000000000001010 
1000000000000000 
0111111111000101 
0111111111000001 
1000000000001101 
1000000000101101 
0111111111111001 
0111111111001101 
0111111111110010 
1000000001001100 
1000000001100100 
0111111111111011 
0111111110001011 
0111111110101100 
1000000000011100 
1000000000101111 
0111111111100101 
0111111111001001 
1000000000001111 
1000000001010101 
1000000000100001 
0111111110100100 
0111111110100000 
1000000000110110 
1000000010010000 
1000000000111001 
0111111111010000 
0111111111010011 
0111111111100010 
0111111111000100 
0111111111011010 
1000000000100010 
1000000000111110 
1000000000101100 
0111111111111011 
0111111110110111 
0111111111001010 
1000000001001110 
1000000001110011 
0111111111100000 
0111111101111011 
0111111111010101 
1000000001001111 
1000000000110111 
0111111111010100 
0111111111010110 
1000000000101101 
1000000000101011 
0111111111001110 
0111111110110000 
0111111111100011 
1000000000010000 
1000000000111011 
1000000001100011 
1000000000110000 
0111111110110100 
0111111110011000 
0111111111111011 
1000000000111101 
1000000000010000 
0111111111101011 
1000000000010100 
1000000000011001 
0111111111100000 
0111111111111111 
1000000001001111 
1000000000001011 
0111111110000101 
0111111110110101 
1000000001001010 
1000000001001001 
0111111111100011 
0111111111011111 
1000000000010000 
1000000000000100 
0111111111111000 
1000000000011000 
1000000000010010 
0111111111011100 
0111111111001110 
0111111111111000 
1000000000011001 
1000000000011011 
1000000000001100 
0111111111110101 
0111111111110000 
1000000000000101 
1000000000010011 
1000000000001010 
1000000000001000 
1000000000001100 
0111111111111000 
0111111111011011 
0111111111101000 
1000000000010111 
1000000000110111 
1000000000101010 
0111111111111001 
0111111111000111 
0111111111001011 
1000000000000111 
1000000000101101 
1000000000010101 
0111111111111100 
1000000000010110 
1000000000011111 
0111111111100110 
0111111111001000 
0111111111110110 
1000000000011101 
1000000000001001 
0111111111110001 
0111111111110111 
1000000000000100 
1000000000001110 
1000000000011001 
1000000000010010 
0111111111110111 
0111111111100000 
0111111111100111 
1000000000000011 
1000000000001111 
0111111111111111 
0111111111111010 
1000000000001101 
1000000000001011 
0111111111110100 
0111111111110101 
1000000000001111 
1000000000011011 
1000000000010100 
1000000000000100 
0111111111110000 
0111111111100110 
0111111111111011 
1000000000010010 
1000000000001110 
0111111111111011 
0111111111111000 
0111111111111110 
0111111111110001 
0111111111100001 
0111111111111000 
1000000000100000 
1000000000011100 
0111111111101100 
0111111111011000 
0111111111111001 
1000000000010011 
1000000000001000 
0111111111111011 
0111111111111011 
0111111111111111 
1000000000000000 
1000000000000001 
1000000000000110 
1000000000000111 
0111111111110100 
0111111111100110 
0111111111111011 
1000000000011010 
1000000000010110 
1000000000000001 
0111111111111100 
1000000000000101 
1000000000000100 
0111111111110000 
0111111111100101 
0111111111111011 
1000000000010000 
1000000000001000 
1000000000000010 
1000000000000011 
0111111111111110 
0111111111111111 
1000000000010000 
1000000000001001 
0111111111101101 
0111111111110010 
1000000000010000 
1000000000010010 
1000000000000000 
0111111111110010 
0111111111111001 
1000000000001101 
1000000000010011 
0111111111111111 
0111111111110001 
1000000000000001 
1000000000010011 
1000000000000110 
0111111111111010 
1000000000001000 
1000000000010011 
1000000000000110 
0111111111111111 
1000000000000001 
0111111111110000 
0111111111100011 
1000000000000011 
1000000000011101 
1000000000001011 
0111111111110101 
0111111111110100 
0111111111111011 
1000000000000111 
1000000000001001 
0111111111111011 
0111111111110011 
1000000000000010 
1000000000001010 
0111111111111110 
0111111111111011 
1000000000000110 
1000000000000011 
0111111111110101 
0111111111111010 
1000000000010101 
1000000000010010 
0111111111110001 
0111111111101011 
1000000000000111 
1000000000001010 
0111111111101111 
0111111111110000 
1000000000010000 
1000000000010110 
0111111111111111 
0111111111111011 
1000000000000101 
0111111111111001 
0111111111101111 
1000000000000001 
1000000000001111 
1000000000000100 
0111111111110111 
0111111111111000 
0111111111111001 
0111111111111111 
1000000000001111 
1000000000001111 
0111111111111100 
0111111111110111 
1000000000000100 
1000000000000101 
0111111111111010 
0111111111111101 
1000000000000001 
0111111111111010 
0111111111110110 
0111111111111111 
1000000000000110 
1000000000000101 
0111111111111000 
0111111111101101 
0111111111111010 
1000000000011000 
1000000000010111 
0111111111110001 
0111111111100001 
0111111111111000 
1000000000001100 
1000000000000111 
0111111111111110 
0111111111111101 
0111111111111101 
1000000000000010 
1000000000010001 
1000000000001101 
0111111111110101 
0111111111110001 
1000000000000011 
1000000000000111 
1000000000000011 
1000000000001001 
1000000000000110 
0111111111110011 
0111111111110011 
1000000000000111 
1000000000001101 
1000000000000110 
0111111111111111 
0111111111111010 
0111111111111100 
1000000000000000 
1000000000000011 
1000000000000010 
0111111111111111 
0111111111111011 
0111111111111010 
1000000000000000 
1000000000000001 
0111111111110110 
0111111111110100 
1000000000000000 
1000000000000010 
0111111111111001 
0111111111111000 
1000000000000001 
0111111111111111 
0111111111110011 
0111111111110110 
1000000000000110 
1000000000001010 
0111111111111111 
0111111111111100 
1000000000001000 
1000000000000101 
0111111111110111 
0111111111111000 
1000000000000001 
1000000000000011 
1000000000000101 
1000000000000010 
0111111111111100 
0111111111111111 
1000000000000101 
0111111111111111 
0111111111111100 
1000000000000101 
1000000000000111 
0111111111111001 
0111111111110010 
0111111111111100 
1000000000000010 
0111111111111001 
0111111111110111 
1000000000000101 
1000000000001100 
1000000000000011 
0111111111111001 
0111111111111000 
0111111111111110 
1000000000001001 
1000000000000111 
0111111111111000 
0111111111110101 
1000000000000101 
1000000000000111 
0111111111111011 
0111111111111000 
1000000000000011 
1000000000001011 
1000000000001010 
1000000000000001 
0111111111111000 
0111111111111101 
1000000000001100 
1000000000001010 
0111111111111010 
0111111111110110 
1000000000000001 
1000000000000101 
1000000000001000 
1000000000001000 
0111111111111111 
0111111111011100 
1000000001001100 
1000000001100010 
0111111110010001 
0111111100100011 
1000000000101000 
1000000011111101 
1000000010010001 
0111111111101001 
0111111111111100 
1000000000000000 
1000000000000000 
1000000000000000 
1000000000000010 
1000000000000010 
1000000000000100 
1000000000000000 
1000000000000000 
1000000000000000 
1000000000000000 
1000000000000000 
1000000000000000 
1000000000000000 
1000000000000000 
1000000000000000 
1000000000000000 
1000000000000000 
