0111111111110110 
0111111111110101 
0111111111110011 
0111111111110001 
0111111111111101 
0111111111111011 
0111111111101100 
1000000000010010 
1000000000110110 
0111111110100001 
0111111010111001 
0111111011011011 
1000000000001110 
1000000011000100 
1000000001011100 
0111111111000010 
0111111110100101 
0111111111010001 
0111111111110001 
0111111111110111 
0111111111110101 
0111111111110000 
0111111111011110 
0111111111000111 
0111111111000101 
0111111111101000 
1000000000011100 
1000000000101100 
0111111111111111 
0111111111000110 
0111111110111110 
0111111111010110 
0111111111011100 
0111111111011000 
0111111111101011 
1000000000000110 
1000000000001100 
1000000000001011 
1000000000010001 
1000000000010010 
1000000000001000 
1000000000000101 
1000000000010001 
1000000000010101 
1000000000000011 
0111111111101100 
0111111111100111 
0111111111101110 
0111111111110111 
1000000000000010 
1000000000001111 
1000000000001001 
0111111111110000 
0111111111011010 
0111111111010111 
0111111111100010 
0111111111110110 
1000000000000110 
1000000000000010 
0111111111111001 
1000000000000101 
1000000000011011 
1000000000010100 
0111111111111010 
0111111111111000 
1000000000000110 
0111111111111011 
0111111111100100 
0111111111101100 
1000000000001001 
1000000000000110 
0111111111101011 
0111111111110111 
1000000000001111 
0111111111100001 
0111111110111101 
1000000000000110 
1000000000101111 
0111111111100010 
0111111111001101 
1000000000011000 
1000000000010011 
0111111111010011 
0111111111101001 
1000000000010101 
0111111111111110 
0111111111101101 
1000000000010011 
1000000000111000 
1000000000110010 
1000000000010000 
0111111111110001 
0111111111011001 
0111111111000000 
0111111111000001 
0111111111010100 
0111111111001111 
0111111111000001 
0111111111001001 
0111111111100000 
1000000000001011 
1000000001000011 
1000000001000000 
0111111111101001 
0111111110011110 
0111111110101110 
0111111111100101 
0111111111110010 
0111111111011110 
0111111111101010 
1000000000000110 
0111111111101001 
0111111110110000 
0111111111001001 
1000000000011101 
1000000000100010 
0111111111001001 
0111111110010101 
0111111111010000 
1000000001000001 
1000000010001000 
1000000001100110 
0111111111111100 
0111111110111011 
0111111111010011 
0111111111111111 
0111111111111111 
0111111111101001 
0111111111100110 
0111111111100100 
0111111111010101 
0111111111110001 
1000000001000011 
1000000001011100 
0111111111111110 
0111111110110010 
0111111111101100 
1000000001000001 
1000000000101010 
0111111111101011 
1000000000000001 
1000000000111001 
1000000000010010 
0111111110111010 
0111111111000010 
1000000000011111 
1000000001100011 
1000000001101100 
1000000001000110 
1000000000000010 
0111111111110101 
1000000000111110 
1000000001101001 
1000000000111100 
1000000000011101 
1000000000101110 
1000000000000010 
0111111110010011 
0111111101101101 
0111111111001000 
1000000000100010 
1000000000001110 
0111111111000111 
0111111110110111 
0111111111011111 
0111111111110111 
0111111111100011 
0111111111000111 
0111111111000001 
0111111111010111 
1000000000001101 
1000000001001001 
1000000000110001 
0111111110100000 
0111111100101010 
0111111101101101 
1000000000001010 
1000000000110110 
0111111111101010 
0111111110110100 
0111111111000101 
0111111111100111 
1000000000001010 
1000000000101011 
1000000000011011 
0111111111010010 
0111111110100000 
0111111110101101 
0111111111001010 
0111111111011110 
0111111111110111 
0111111111111111 
0111111111111011 
1000000000100011 
1000000001010111 
1000000000101101 
0111111111000000 
0111111110110010 
1000000000111001 
1000000010111011 
1000000010000101 
0111111110110111 
0111111100111100 
0111111110100100 
1000000001001100 
1000000001001101 
0111111111101101 
1000000000010101 
1000000001111110 
1000000000100100 
0111111101010011 
0111111100111101 
0111111111001100 
1000000000010100 
1000000000111011 
1000000011000100 
1000000100010110 
1000000010000010 
0111111110011110 
0111111101100100 
0111111111001101 
1000000000011100 
0111111111111000 
0111111110110101 
0111111110110011 
0111111111111000 
1000000001000111 
1000000001010110 
0111111111110110 
0111111101100001 
0111111100100101 
0111111101111101 
1000000000000100 
1000000001000111 
1000000001000000 
1000000000010001 
0111111110111101 
0111111101111111 
0111111110100001 
0111111111100101 
0111111111100100 
0111111111110010 
1000000010000100 
1000000100000011 
1000000010001010 
0111111110000110 
0111111100101000 
0111111110000101 
0111111110100100 
0111111101000101 
0111111100110001 
0111111111001110 
1000000001100010 
1000000000101010 
0111111110011001 
0111111110101001 
1000000001100010 
1000000011111110 
1000000011110001 
1000000001001011 
0111111110100010 
0111111110011100 
1000000000001001 
1000000000011110 
0111111111011001 
0111111111101110 
1000000001111101 
1000000011100111 
1000000010111100 
1000000001000011 
0111111111001101 
0111111101001111 
0111111011100011 
0111111011100101 
0111111101001111 
0111111110110001 
0111111111011101 
1000000000011010 
1000000011001110 
1000000111001011 
1000000111111110 
1000000011011100 
0111111110011110 
0111111101011110 
0111111101111110 
0111111100111011 
0111111100010111 
0111111110100110 
1000000001101100 
1000000010101111 
1000000010000100 
1000000001011100 
1000000000111011 
1000000000000111 
0111111111101011 
0111111111100011 
0111111111001001 
0111111111100110 
1000000001011001 
1000000001111011 
1000000000001011 
0111111111001111 
1000000000001110 
1000000000001110 
0111111110011010 
0111111101101111 
0111111111010000 
1000000000100000 
0111111111100101 
0111111101100100 
0111111100101111 
0111111101111011 
0111111111110000 
1000000000011011 
0111111111111101 
0111111111001010 
0111111110100001 
0111111110011110 
0111111111000111 
1000000000000001 
1000000001010011 
1000000011000110 
1000000100000110 
1000000010111001 
1000000000110101 
1000000000010010 
1000000000101001 
0111111111101010 
0111111101110011 
0111111101011111 
0111111110110001 
0111111111001000 
0111111110010100 
0111111110111101 
1000000001100001 
1000000010110011 
1000000001010010 
0111111111010101 
0111111110110001 
0111111110111010 
0111111111000100 
0111111111001001 
0111111111001001 
0111111111010110 
0111111111010001 
0111111110101001 
0111111111010001 
1000000001101111 
1000000010111111 
1000000001110001 
1000000000111011 
1000000001111010 
1000000010110111 
1000000010011011 
1000000001111000 
1000000010100011 
1000000011000110 
1000000001010110 
0111111110110111 
0111111111101100 
1000000011011110 
1000000101001001 
1000000010010110 
0111111110001000 
0111111100101001 
0111111110111110 
1000000010010101 
1000000010101000 
0111111111001111 
0111111100111010 
0111111111110111 
1000000100011111 
1000000011010100 
0111111100110110 
0111111010010100 
0111111111110110 
1000000101110000 
1000000100001010 
0111111110001011 
0111111011100111 
0111111110000001 
1000000001000110 
1000000001110011 
1000000000100101 
0111111111011111 
1000000000000101 
1000000000111011 
0111111111001001 
0111111100000001 
0111111011110000 
0111111110101000 
1000000001111111 
1000000100001011 
1000000011100010 
1000000000001100 
0111111110010111 
1000000000000011 
1000000001101001 
1000000000100011 
0111111110000001 
0111111100100111 
0111111110100110 
1000000010110000 
1000000100001010 
1000000001000000 
0111111101001110 
0111111100000111 
0111111101011011 
0111111110110111 
0111111101111010 
0111111011110001 
0111111100011100 
0111111111101101 
1000000001100100 
1000000001001001 
1000000000101111 
1000000000011001 
0111111110100100 
0111111100011000 
0111111100011111 
0111111110011100 
0111111111100000 
0111111111111101 
1000000001110001 
1000000011011101 
1000000010011011 
0111111111101010 
0111111101100011 
0111111100101010 
0111111110000010 
1000000010011010 
1000000110001000 
1000000100010011 
0111111110100100 
0111111100010111 
1000000000111001 
1000000101101011 
1000000011011011 
0111111101010000 
0111111011110000 
1000000000000101 
1000000100010000 
1000000100110000 
1000000010001011 
0111111110000011 
0111111010101110 
0111111011100110 
1000000010011000 
1000001001010001 
1000000111001111 
1000000001010101 
1000000011010101 
1000000101001111 
0111111000111000 
0111101010011010 
0111101110010000 
0111111101110000 
1000000111010110 
1000001010101011 
1000001011010011 
1000000101100111 
0111111110100000 
0111111111010101 
1000000010000011 
0111111100101000 
0111110101110000 
0111110110001111 
0111111001001011 
0111111101000111 
1000000110101111 
1000001100011100 
1000000011111100 
0111111001010100 
0111111010010101 
1000000000001110 
1000000001110010 
1000000011000010 
1000000110010011 
1000000100011110 
0111111100001100 
0111110111111101 
0111111100100111 
0111111111111000 
0111111101010101 
0111111111111111 
1000001001010111 
1000001010010000 
0111111101100110 
0111110100011000 
0111111010111011 
1000000100010001 
0111111110111110 
0111110010000010 
0111110001011000 
0111111100010010 
1000000010100001 
1000000011100101 
1000000110110010 
1000000110101001 
0111111110000110 
0111110101001110 
0111110111011100 
1000000010101101 
1000001000100000 
1000000100101001 
1000000001010001 
0111111111001011 
0111111001111000 
0111111100110100 
1000001001100101 
1000001000010100 
0111111010010011 
0111111100111100 
1000001010011000 
1000000110010110 
0111111000011101 
0111110101111010 
0111111010010000 
0111111101010110 
1000000001001000 
1000000001100010 
0111111101001000 
0111111110000001 
1000000101100011 
1000001001010100 
1000000101011010 
0111111101101000 
0111110111111100 
0111111010000010 
1000000000000111 
1000000001000100 
0111111111100011 
1000000001011110 
1000000000011011 
0111111011111011 
0111111110100011 
1000000100101110 
1000000011001100 
0111111110100000 
0111111101111010 
0111111101111011 
0111111111001011 
1000000100001010 
1000000100101101 
0111111101111001 
0111111011100111 
1000000001110111 
1000000101000000 
1000000000100001 
0111111101001000 
0111111101101011 
0111111110011000 
1000000000101110 
1000000101011101 
1000000100110011 
0111111100011111 
0111111000110110 
1000000000001100 
1000000111011010 
1000000100110000 
0111111101100111 
0111111010001110 
0111111010111101 
0111111110101000 
1000000011100010 
1000000100001011 
1000000000000100 
0111111101111000 
0111111111100001 
1000000000011100 
1000000000000010 
1000000000011000 
1000000000001111 
0111111111011101 
0111111111101111 
1000000000100010 
1000000001000001 
1000000001010110 
1000000000101011 
0111111111010001 
0111111111110011 
1000000001111101 
1000000001100101 
0111111110100000 
0111111101001111 
0111111111000010 
1000000001001010 
1000000001100011 
1000000000001011 
0111111110101001 
0111111110111010 
1000000000100110 
1000000001001001 
0111111111110101 
0111111110010110 
0111111101110100 
0111111110011101 
1000000000011101 
1000000010110100 
1000000011000010 
1000000000001000 
0111111101010111 
0111111110010110 
1000000001011110 
1000000001111110 
0111111111100100 
0111111110100001 
1000000000001001 
1000000001100011 
1000000000100001 
0111111110100100 
0111111110111011 
1000000001011110 
1000000010001000 
0111111111011011 
0111111101101010 
0111111111101010 
1000000001101110 
1000000000111011 
0111111111001110 
0111111110101100 
0111111111011110 
1000000000111000 
1000000001101010 
1000000001001011 
0111111111111010 
0111111110111001 
0111111110111111 
0111111111101111 
0111111111111000 
0111111111101111 
1000000000101000 
1000000001010111 
1000000000001010 
0111111110100110 
0111111110101100 
1000000000001010 
1000000001101110 
1000000001101110 
0111111111111010 
0111111110110000 
0111111111101011 
1000000000100110 
1000000000000001 
0111111111010111 
0111111111110010 
1000000000010010 
0111111111110010 
0111111110101111 
0111111110110111 
1000000000010010 
1000000000111001 
1000000000010010 
1000000000001001 
1000000000100001 
1000000000000100 
0111111111011111 
1000000000001110 
1000000000111000 
1000000000001111 
0111111111111100 
1000000000101011 
1000000000001100 
0111111110110001 
0111111111101111 
1000000010001010 
1000000001101001 
0111111110110000 
0111111110100011 
1000000001001000 
1000000001101001 
0111111110110011 
0111111101001110 
0111111111110101 
1000000010011010 
1000000000101011 
0111111110010111 
0111111111110100 
1000000001110011 
1000000000101110 
0111111111010000 
0111111111100010 
0111111111101000 
0111111111010111 
1000000000010010 
1000000001010101 
1000000000110100 
0111111111110101 
0111111111011110 
0111111111010100 
0111111111001101 
0111111111111010 
1000000000111011 
1000000000111101 
1000000000001111 
0111111111101000 
0111111111001100 
0111111111010001 
1000000000000011 
1000000000011111 
1000000000010000 
1000000000011011 
1000000000101000 
0111111111101101 
0111111110110110 
0111111111110011 
1000000001010100 
1000000000111101 
0111111111001111 
0111111110110110 
1000000000010110 
1000000001001110 
1000000000001001 
0111111110111010 
0111111111010010 
1000000000101010 
1000000001010111 
1000000000010010 
0111111110011010 
0111111110011010 
1000000000100101 
1000000001101101 
1000000000011100 
0111111111010010 
0111111111100101 
1000000000000000 
0111111111110011 
0111111111110101 
1000000000010110 
1000000000100010 
1000000000000111 
0111111111100011 
0111111111100110 
1000000000000001 
0111111111111100 
0111111111100010 
0111111111100111 
1000000000000010 
1000000000001110 
1000000000010100 
1000000000100000 
1000000000001101 
0111111111100101 
0111111111100000 
1000000000001010 
1000000000101101 
1000000000001111 
0111111111010010 
0111111111011110 
1000000000100010 
1000000000101011 
0111111111111110 
0111111111101100 
0111111111111101 
1000000000001110 
1000000000011001 
1000000000001110 
0111111111101010 
0111111111011110 
0111111111110101 
1000000000010011 
1000000000100010 
1000000000010110 
0111111111111011 
0111111111110101 
1000000000000100 
0111111111111001 
0111111111010101 
0111111111011000 
1000000000001101 
1000000000101111 
1000000000001110 
0111111111100100 
0111111111110100 
1000000000010100 
1000000000001101 
0111111111111100 
1000000000001000 
1000000000010001 
0111111111110111 
0111111111110000 
1000000000010000 
1000000000001111 
0111111111100100 
0111111111101000 
1000000000100001 
1000000000011110 
0111111111010111 
0111111111010101 
1000000000100100 
1000000000111010 
0111111111110100 
0111111111010001 
1000000000000000 
1000000000011000 
0111111111111000 
0111111111110110 
1000000000001101 
0111111111111001 
0111111111011110 
0111111111111100 
1000000000100001 
1000000000001100 
0111111111100110 
0111111111101001 
1000000000000100 
1000000000001111 
0111111111111101 
0111111111101100 
0111111111111011 
1000000000001111 
1000000000000111 
0111111111110111 
0111111111110011 
0111111111110101 
0111111111111110 
1000000000010010 
1000000000010001 
0111111111110111 
0111111111101111 
1000000000000010 
1000000000010011 
1000000000010000 
0111111111110100 
0111111111100100 
1000000000000101 
1000000000100111 
1000000000001100 
0111111111100101 
0111111111110111 
1000000000010101 
1000000000000101 
0111111111101011 
0111111111110100 
1000000000001100 
1000000000010000 
1000000000010010 
1000000000010010 
0111111111110000 
0111111111010101 
1000000000000001 
1000000000101101 
1000000000000111 
0111111111011000 
0111111111110010 
1000000000011000 
1000000000001101 
0111111111111000 
0111111111111000 
1000000000000110 
1000000000010100 
1000000000001101 
0111111111110101 
0111111111110101 
1000000000010001 
1000000000010101 
0111111111111011 
0111111111110101 
1000000000001110 
1000000000010011 
0111111111110100 
0111111111100111 
1000000000000011 
1000000000010000 
0111111111111010 
0111111111101011 
0111111111110111 
1000000000001011 
1000000000010100 
1000000000001001 
0111111111110000 
0111111111100101 
0111111111111010 
1000000000010011 
1000000000010100 
1000000000001011 
1000000000000010 
0111111111110111 
0111111111101111 
1000000000000001 
1000000000011101 
1000000000010101 
0111111111110011 
0111111111110000 
1000000000001110 
1000000000010001 
0111111111110000 
0111111111100110 
1000000000000101 
1000000000011000 
1000000000000001 
0111111111101100 
0111111111111100 
1000000000001011 
0111111111111000 
0111111111101010 
0111111111111010 
1000000000001011 
1000000000010000 
1000000000001101 
1000000000000000 
0111111111110101 
1000000000000001 
1000000000001111 
1000000000000101 
0111111111111000 
0111111111111100 
1000000000000101 
1000000000001101 
1000000000001011 
0111111111111100 
0111111111110011 
0111111111111100 
1000000000000011 
1000000000000000 
0111111111111110 
0111111111111111 
0111111111111100 
0111111111111110 
1000000000000001 
0111111111111100 
0111111111111010 
1000000000000101 
1000000000010000 
1000000000001000 
0111111111110010 
0111111111110011 
1000000000001010 
1000000000010010 
0111111111111001 
0111111111101010 
1000000000000010 
1000000000011000 
1000000000000100 
0111111111101001 
0111111111101111 
1000000000000110 
1000000000001110 
1000000000000111 
0111111111111101 
0111111111111000 
0111111111111111 
1000000000001001 
1000000000001000 
1000000000000000 
0111111111111100 
1000000000000011 
1000000000010000 
1000000000001001 
0111111111110101 
0111111111110110 
0111111111111111 
0111111111110111 
0111111111110011 
1000000000000010 
1000000000001110 
1000000000001001 
0111111111111111 
0111111111111001 
0111111111110111 
0111111111111011 
0111111111111111 
0111111111111111 
0111111111111101 
0111111111111011 
0111111111111110 
1000000000000001 
0111111111111111 
0111111111111011 
1000000000000000 
1000000000000110 
0111111111111110 
0111111111110010 
0111111111111010 
1000000000001110 
1000000000001101 
0111111111111001 
0111111111110101 
1000000000000011 
1000000000001001 
1000000000000100 
1000000000000001 
0111111111111110 
0111111111111111 
1000000000001000 
1000000000000111 
0111111111111000 
0111111111111000 
1000000000001000 
1000000000000110 
0111111111110101 
0111111111110111 
1000000000001011 
1000000000001000 
0111111111111110 
0111111111111011 
0111111111110100 
0111111111010101 
1000000001001110 
1000000001101101 
0111111110001101 
0111111100001001 
1000000000001110 
1000000011110101 
1000000010010100 
0111111111101101 
0111111111111111 
1000000000000010 
1000000000000000 
0111111111111111 
1000000000000000 
0111111111111110 
1000000000000000 
0111111111111111 
1000000000000000 
1000000000000000 
1000000000000000 
1000000000000000 
1000000000000000 
1000000000000000 
1000000000000000 
1000000000000000 
1000000000000000 
1000000000000000 
