1000000000000000 
0111111111111100 
0111111111111001 
0111111111101010 
0111111111011101 
0111111111010000 
0111111111010101 
1000000000010010 
1000000000100000 
0111111110011011 
0111111100001000 
0111111100000100 
0111111101100010 
0111111110111001 
0111111111101010 
0111111111101111 
0111111111011101 
0111111111111110 
1000000000101010 
1000000000100010 
1000000000001010 
1000000000001000 
1000000000001001 
0111111111101011 
0111111111001000 
0111111111010111 
1000000000010001 
1000000000110100 
1000000000001111 
0111111111000101 
0111111110100111 
0111111111001101 
0111111111110101 
0111111111101101 
0111111111010011 
0111111111010110 
0111111111100100 
0111111111010110 
0111111110111110 
0111111111000111 
0111111111101100 
1000000000001010 
1000000000011100 
1000000000100100 
1000000000010111 
0111111111111010 
0111111111100001 
0111111111011101 
0111111111110100 
1000000000011011 
1000000000110110 
1000000000110000 
1000000000011100 
1000000000010001 
1000000000001110 
1000000000010000 
1000000000011010 
1000000000011110 
0111111111110101 
0111111110110000 
0111111110010101 
0111111110111000 
0111111111100100 
0111111111110011 
0111111111110101 
0111111111111011 
0111111111111010 
0111111111110100 
0111111111111100 
1000000000001010 
0111111111111100 
0111111111011001 
0111111111010000 
0111111111110010 
1000000000011011 
1000000000110000 
1000000000110101 
1000000000101001 
1000000000001111 
1000000000000001 
1000000000010010 
1000000000101001 
1000000000100000 
0111111111110000 
0111111110110011 
0111111110100000 
0111111111001110 
1000000000000010 
1000000000001000 
1000000000000010 
1000000000000110 
0111111111111100 
0111111111111011 
1000000000011001 
1000000000101101 
1000000000100111 
1000000000011101 
1000000000000000 
0111111111100001 
0111111111111001 
1000000000101001 
1000000000011111 
0111111111101100 
0111111111010101 
0111111111011100 
0111111111011000 
0111111111011001 
0111111111111111 
1000000000101011 
1000000000100010 
0111111111101011 
0111111110110111 
0111111110100110 
0111111111001101 
1000000000100100 
1000000001101100 
1000000001111000 
1000000001001100 
0111111111111101 
0111111110101001 
0111111110000011 
0111111110101001 
0111111111111010 
1000000000100111 
1000000000000101 
0111111111000111 
0111111110110010 
0111111110111111 
0111111111010110 
0111111111111110 
1000000000001100 
0111111111001011 
0111111110001010 
0111111111000110 
1000000001001001 
1000000001110110 
1000000000110011 
0111111111110111 
0111111111111110 
1000000000010001 
1000000000001001 
1000000000001001 
1000000000100111 
1000000001000000 
1000000000110100 
1000000000000101 
0111111111001010 
0111111110110010 
0111111111010110 
1000000000001000 
1000000000011001 
1000000000110011 
1000000001110010 
1000000010010101 
1000000001101110 
1000000001000001 
1000000001000100 
1000000000110011 
0111111111110111 
1000000000001101 
1000000010001011 
1000000010111010 
1000000000111110 
0111111110100101 
0111111110000001 
0111111110111110 
0111111111111011 
0111111111110100 
0111111110110100 
0111111101111100 
0111111110000010 
0111111111010100 
1000000000111011 
1000000000101110 
0111111110000111 
0111111100011011 
0111111110100101 
1000000010001000 
1000000011001000 
1000000001110110 
1000000000110111 
1000000001000110 
1000000001111111 
1000000010101100 
1000000010011001 
1000000001100011 
1000000001011111 
1000000001100101 
1000000000000010 
0111111110001101 
0111111111000111 
1000000001001110 
1000000000011000 
0111111101110100 
0111111110001010 
1000000000100100 
1000000000101011 
0111111110110111 
0111111110110001 
1000000000101010 
1000000001111010 
1000000001010100 
0111111111111110 
0111111111100011 
1000000000011110 
1000000001000101 
0111111111110010 
0111111101110001 
0111111101100011 
0111111111000011 
1000000000011001 
1000000001000100 
1000000001100110 
1000000001111010 
1000000001111110 
1000000001101000 
1000000000010101 
0111111110010100 
0111111100100011 
0111111100010000 
0111111110101010 
1000000001111110 
1000000001010101 
0111111100101011 
0111111010101101 
0111111110101001 
1000000011011001 
1000000100000100 
1000000001101111 
0111111111110000 
1000000000010010 
1000000010110110 
1000000011101010 
1000000000100010 
0111111101100000 
0111111110110011 
1000000001011010 
1000000000110111 
0111111110111000 
0111111110101100 
0111111111000101 
0111111110100000 
0111111110111001 
1000000001100011 
1000000011101101 
1000000010100101 
0111111111100100 
0111111101110100 
0111111101110100 
0111111110000110 
0111111110100000 
1000000000000010 
1000000001110110 
1000000001100011 
0111111110101010 
0111111011011111 
0111111010110100 
0111111100101100 
0111111110011000 
0111111110000001 
0111111100111110 
0111111101100001 
0111111111011011 
1000000000100000 
0111111111110111 
0111111110110110 
0111111110110010 
0111111111001000 
0111111111010100 
1000000000011101 
1000000010011010 
1000000010111111 
1000000001111110 
1000000001010000 
1000000000111110 
0111111111111111 
0111111110111010 
0111111110111011 
0111111111001100 
0111111110011110 
0111111101011110 
0111111101000000 
0111111100100010 
0111111011111110 
0111111100010001 
0111111101111101 
1000000000100000 
1000000010011011 
1000000010001010 
1000000000010011 
0111111111100001 
1000000000011001 
1000000000110000 
1000000000000101 
1000000000000111 
1000000000110111 
1000000000010100 
0111111110010101 
0111111101011110 
0111111111001101 
1000000001100101 
1000000001100111 
0111111111000110 
0111111100111101 
0111111101001110 
0111111110110010 
1000000000000110 
1000000000111111 
1000000001001011 
1000000000101000 
1000000000110101 
1000000010001101 
1000000010010110 
1000000000001000 
0111111110001110 
0111111110011111 
0111111111011100 
0111111111111100 
1000000000110011 
1000000001110100 
1000000001111010 
1000000001100100 
1000000001111011 
1000000010110101 
1000000011000101 
1000000001101001 
0111111111001100 
0111111110000111 
0111111110111011 
0111111111110110 
1000000000000110 
1000000000000110 
0111111111110100 
0111111111101110 
1000000000100100 
1000000001001111 
1000000000110111 
1000000000010100 
0111111111001001 
0111111100101010 
0111111100000010 
0111111111110111 
1000000100100001 
1000000100111011 
1000000001011001 
0111111110001100 
0111111110011110 
1000000000110101 
1000000000110000 
0111111100111111 
0111111001111000 
0111111011010101 
1000000000001111 
1000000100101111 
1000000101010110 
1000000001111100 
0111111111010001 
1000000001000110 
1000000011100000 
1000000001010011 
0111111101010101 
0111111101101000 
1000000001010110 
1000000010110011 
1000000000011010 
0111111110000011 
0111111110110000 
1000000000101110 
1000000000001001 
0111111100101011 
0111111010001010 
0111111011100101 
0111111111100001 
1000000010100011 
1000000011010101 
1000000010011001 
1000000000001100 
0111111110011111 
0111111111001110 
1000000000111001 
1000000000101100 
0111111111010111 
0111111110111000 
0111111111000010 
0111111111101101 
1000000001010010 
1000000010000100 
1000000000111011 
0111111111001011 
0111111101101110 
0111111100001010 
0111111011101110 
0111111110000001 
1000000000110110 
1000000000101101 
0111111110010010 
0111111101001100 
0111111110110111 
1000000001000001 
1000000000110010 
0111111110101001 
0111111110001111 
1000000000011100 
1000000001111110 
1000000010000011 
1000000010100000 
1000000010101110 
1000000010010100 
1000000010101100 
1000000001111010 
0111111110110101 
0111111110000000 
0111111111111111 
0111111110110100 
0111111011110001 
0111111110001101 
1000000100010001 
1000000101110111 
1000000010010100 
0111111111001011 
0111111111100111 
1000000010110111 
1000000101101110 
1000000100100100 
0111111111110111 
0111111100100101 
0111111101110000 
1000000000010111 
1000000000111101 
1000000000111110 
1000000010001011 
1000000001101111 
0111111110001000 
0111111100000101 
0111111110010101 
0111111111101110 
0111111101010000 
0111111100101100 
1000000001110000 
1000000110010010 
1000000011111111 
0111111101100110 
0111111001110100 
0111111011000111 
0111111111100001 
1000000011000110 
1000000010011011 
0111111110010101 
0111111100000011 
0111111111000111 
1000000011111101 
1000000100010100 
0111111111111100 
0111111011101111 
0111111010101110 
0111111100100100 
0111111111110101 
1000000010011001 
1000000010100000 
1000000001001100 
1000000000111101 
1000000001100111 
1000000001000101 
0111111111000011 
0111111110000110 
1000000000111001 
1000000100100101 
1000000010100111 
0111111011000111 
0111110111010101 
0111111100100001 
1000000011010011 
1000000010011011 
0111111011110011 
0111111010000011 
1000000001010000 
1000001001000001 
1000001011011101 
1000001011000100 
1000000101101011 
0111111001000010 
0111110011000110 
0111111110111100 
1000001100100001 
1000001010011011 
1000000000000100 
0111111010000111 
0111111010110101 
0111111111001010 
1000000000111100 
0111111110001111 
0111111110011010 
1000000010101100 
1000000011101000 
1000000000111111 
0111111111111111 
1000000001000110 
1000000001100011 
0111111111010111 
0111111110100010 
1000000100011111 
1000001001111101 
1000000100110111 
0111111110101000 
1000000010010011 
1000000100110011 
0111111101111011 
0111111010111011 
1000000001011110 
1000000010010100 
0111111000000001 
0111110100010000 
0111111111100000 
1000000111010011 
1000000000010111 
0111111100010101 
1000000110000011 
1000001100000111 
1000000011101110 
0111111011101000 
0111111110101011 
1000000010111001 
1000000001001101 
1000000001010000 
1000000110010101 
1000000111110010 
1000000001011001 
0111111011000010 
0111111100000100 
1000000001010111 
1000000011001011 
0111111111111001 
0111111101001101 
0111111111110001 
1000000101101000 
1000001000111100 
1000000101001110 
0111111101001110 
0111111010000110 
0111111110001110 
1000000000111011 
0111111110011110 
0111111110010010 
1000000011010001 
1000000101110011 
1000000001100110 
0111111100011101 
0111111100010000 
0111111111001010 
1000000000110111 
1000000001001110 
1000000001000000 
0111111111010110 
0111111110000001 
0111111111001000 
1000000000000010 
0111111110100000 
0111111101110111 
1000000000001111 
1000000010010001 
1000000001001111 
0111111111010111 
0111111110110111 
0111111111010000 
1000000000100110 
1000000010101001 
1000000010000000 
0111111110000001 
0111111100001111 
0111111111011101 
1000000010101111 
1000000010001110 
1000000000000111 
0111111110111001 
0111111110111001 
0111111111100001 
0111111111010110 
0111111110100010 
0111111110111101 
1000000000001010 
0111111111101100 
0111111110010001 
0111111111011010 
1000000010011010 
1000000010001011 
0111111110011001 
0111111100110110 
0111111111101000 
1000000010010111 
1000000001110111 
0111111111101111 
0111111110101110 
0111111111100101 
1000000000110010 
1000000000101001 
0111111111111100 
1000000000001010 
1000000000011110 
0111111111110001 
0111111110111011 
0111111110110011 
0111111111100000 
1000000000110000 
1000000001011000 
1000000000100111 
1000000000001100 
1000000001011100 
1000000001110011 
0111111111101011 
0111111110010000 
0111111111010011 
1000000000001001 
0111111111110101 
1000000000011001 
1000000001011010 
1000000000001100 
0111111101100000 
0111111101001101 
1000000000011001 
1000000011100101 
1000000011010111 
1000000000011000 
0111111101111100 
0111111110000111 
1000000000001111 
1000000010011001 
1000000010010111 
0111111111111000 
0111111101100111 
0111111101111101 
1000000000001001 
1000000001101001 
1000000001001101 
0111111111110100 
0111111111000111 
0111111111100110 
1000000000001011 
1000000000001111 
1000000000100000 
1000000000111000 
1000000000010110 
0111111110110011 
0111111101101011 
0111111111001000 
1000000010011010 
1000000010111000 
0111111111010001 
0111111101000000 
0111111111000101 
1000000001010000 
1000000000110110 
1000000000010010 
1000000000011000 
1000000000000011 
1000000000010001 
1000000001001101 
1000000001000000 
0111111111110010 
0111111111100111 
1000000000001101 
0111111111111110 
0111111111100110 
1000000000010111 
1000000001000001 
1000000000000101 
0111111110111110 
0111111111100111 
1000000001000001 
1000000001001010 
0111111111111101 
0111111110111000 
0111111111001100 
1000000000101110 
1000000001101001 
1000000000101111 
0111111111001100 
0111111110111011 
0111111111110100 
1000000000011000 
1000000000001001 
1000000000000011 
1000000000001000 
0111111111101001 
0111111111000100 
0111111111110010 
1000000001000011 
1000000000110001 
0111111111010101 
0111111111000000 
1000000000000001 
1000000000101011 
1000000000010101 
0111111111111110 
0111111111110111 
0111111111100110 
0111111111011001 
0111111111110011 
1000000000101100 
1000000001001001 
1000000000011000 
0111111111000011 
0111111110111001 
1000000000000110 
1000000000101110 
1000000000010010 
0111111111101101 
0111111111010000 
0111111111100101 
1000000000111010 
1000000001010000 
0111111111101000 
0111111110110000 
1000000000000000 
1000000000110110 
1000000000000111 
0111111111100100 
0111111111111001 
1000000000001101 
1000000000001001 
1000000000000000 
0111111111111100 
1000000000000111 
1000000000011010 
1000000000001101 
0111111111100111 
0111111111011111 
0111111111111111 
1000000000001100 
0111111111101101 
0111111111011000 
0111111111111110 
1000000000101110 
1000000000101001 
1000000000000110 
0111111111111000 
0111111111111100 
0111111111110000 
0111111111101001 
1000000000001100 
1000000000100001 
0111111111110110 
0111111111010110 
1000000000001001 
1000000000111001 
1000000000010000 
0111111111100000 
0111111111111100 
1000000000100110 
1000000000011010 
0111111111101101 
0111111111010100 
0111111111011111 
1000000000001001 
1000000000110010 
1000000000101000 
0111111111100111 
0111111110110111 
0111111111010111 
1000000000011111 
1000000000111001 
1000000000010110 
0111111111100111 
0111111111001100 
0111111111011000 
1000000000001011 
1000000000101101 
1000000000010111 
0111111111111011 
0111111111111100 
0111111111101111 
0111111111100000 
0111111111111111 
1000000000100111 
1000000000100101 
1000000000010001 
1000000000000110 
0111111111110110 
0111111111011101 
0111111111011101 
1000000000000010 
1000000000100000 
1000000000011010 
1000000000000011 
0111111111110111 
0111111111111011 
1000000000000110 
1000000000000100 
0111111111111000 
0111111111111011 
0111111111111110 
0111111111100011 
0111111111010011 
0111111111111001 
1000000000100111 
1000000000011000 
0111111111101110 
0111111111101010 
1000000000000101 
1000000000010001 
1000000000001101 
1000000000000110 
0111111111110001 
0111111111100110 
0111111111111101 
1000000000001110 
1000000000000110 
0111111111111111 
0111111111110110 
0111111111101011 
0111111111111100 
1000000000011110 
1000000000011010 
0111111111111011 
0111111111101101 
0111111111101110 
0111111111111110 
1000000000010110 
1000000000010100 
0111111111111001 
0111111111110100 
1000000000000000 
0111111111110110 
0111111111101100 
1000000000000110 
1000000000011000 
1000000000000000 
0111111111101001 
0111111111110010 
0111111111111111 
0111111111111110 
1000000000000001 
1000000000001110 
1000000000001110 
0111111111110110 
0111111111101000 
0111111111111101 
1000000000010000 
1000000000000000 
0111111111101010 
0111111111110110 
1000000000010001 
1000000000010001 
0111111111110011 
0111111111101011 
1000000000000100 
1000000000001011 
0111111111111001 
1000000000000000 
1000000000010000 
0111111111111110 
0111111111101000 
0111111111111010 
1000000000010011 
1000000000010000 
0111111111111110 
0111111111110010 
0111111111110010 
0111111111111111 
1000000000000111 
0111111111111100 
0111111111110010 
0111111111111011 
1000000000001010 
1000000000001000 
0111111111111011 
0111111111111010 
0111111111111110 
0111111111111010 
0111111111111010 
1000000000000101 
1000000000001100 
1000000000001011 
1000000000000011 
0111111111110010 
0111111111110001 
1000000000001101 
1000000000011100 
0111111111111110 
0111111111100001 
0111111111110001 
1000000000001111 
1000000000010000 
0111111111111010 
0111111111101101 
0111111111110010 
0111111111111010 
0111111111111101 
1000000000000100 
1000000000010001 
1000000000001101 
1000000000000000 
0111111111111110 
1000000000000010 
1000000000000001 
0111111111111111 
0111111111111110 
0111111111111110 
1000000000000110 
1000000000001000 
0111111111111000 
0111111111110001 
1000000000000111 
1000000000011000 
1000000000000111 
0111111111110101 
0111111111111110 
1000000000000111 
0111111111111110 
0111111111111001 
0111111111111110 
0111111111111010 
0111111111111011 
1000000000001011 
1000000000011000 
1000000000001100 
0111111111110100 
0111111111101100 
0111111111111111 
1000000000001111 
1000000000000011 
0111111111110001 
0111111111111101 
1000000000010011 
1000000000001000 
0111111111101111 
0111111111110111 
1000000000001110 
1000000000001010 
0111111111111010 
0111111111111100 
1000000000000011 
0111111111111110 
0111111111110101 
0111111111110110 
1000000000000011 
1000000000001011 
1000000000000011 
0111111111110110 
0111111111110101 
0111111111111011 
1000000000000000 
1000000000000001 
1000000000000001 
0111111111111111 
1000000000000000 
1000000000000001 
0111111111111100 
0111111111110110 
0111111111111001 
1000000000000000 
1000000000000110 
1000000000001010 
1000000000000110 
0111111111111110 
0111111111111110 
1000000000000000 
0111111111111111 
1000000000000010 
1000000000000111 
1000000000000110 
1000000000001010 
1000000000001111 
1000000000000111 
0111111111111001 
0111111111111100 
1000000000000100 
1000000000000100 
1000000000000011 
1000000000000100 
1000000000000010 
1000000000000001 
1000000000000001 
0111111111111100 
0111111111110011 
0111111111110101 
1000000000000001 
1000000000001011 
1000000000001100 
1000000000000101 
0111111111111111 
1000000000000001 
0111111111111100 
0111111111111001 
1000000000000110 
1000000000010011 
1000000000000110 
0111111111110110 
0111111111110111 
0111111111111111 
1000000000000010 
1000000000000100 
1000000000000010 
0111111111111100 
0111111111110100 
0111111111111101 
0111111111111100 
1000000000010100 
0111111111110111 
0111111111101110 
1000000001110001 
1000000000110010 
0111111010010111 
0111110110101001 
0111111011001110 
1000000000111010 
1000000001001101 
0111111111111001 
1000000000000011 
1000000000000000 
1000000000000100 
0111111111111111 
1000000000000010 
0111111111111111 
0111111111111110 
0111111111111111 
1000000000000000 
1000000000000000 
1000000000000000 
1000000000000001 
1000000000000000 
1000000000000000 
1000000000000000 
1000000000000000 
0111111111111111 
