0111111111111001 
0111111111100111 
0111111111011110 
0111111111100010 
0111111111110001 
0111111111010011 
0111111110010010 
0111111111001011 
1000000010001100 
1000000010110110 
0111111111001011 
0111111011001110 
0111111011001010 
0111111110000100 
1000000000011111 
1000000000110110 
1000000000001010 
1000000000000000 
1000000000001100 
1000000000000000 
0111111111110001 
0111111111111000 
1000000000001000 
1000000000001101 
1000000000000100 
0111111111110110 
0111111111111001 
1000000000011010 
1000000000111001 
1000000000101011 
0111111111111110 
0111111111101001 
0111111111110010 
0111111111111011 
0111111111111000 
0111111111101111 
0111111111101110 
0111111111111010 
1000000000000101 
0111111111110101 
0111111111011010 
0111111111010100 
0111111111100101 
0111111111110100 
0111111111111010 
0111111111111011 
0111111111111001 
0111111111111000 
0111111111111100 
1000000000000010 
1000000000000100 
0111111111111000 
0111111111101011 
0111111111110001 
0111111111111111 
0111111111101110 
0111111111000100 
0111111110111000 
0111111111100000 
1000000000001001 
1000000000000010 
0111111111100001 
0111111111101000 
1000000000011100 
1000000000111111 
1000000000101010 
0111111111111010 
0111111111100001 
0111111111101100 
0111111111110111 
0111111111011011 
0111111110110011 
0111111111000111 
1000000000000011 
1000000000110100 
1000000010101100 
1000000100011000 
1000000001000101 
0111111011010000 
0111111011110001 
1000000001010000 
1000000010001101 
0111111110111100 
0111111110101101 
1000000000110101 
1000000000110011 
0111111111100001 
0111111111100001 
1000000000010110 
1000000000100011 
1000000000000001 
0111111111101111 
0111111111111111 
1000000000010001 
1000000000110100 
1000000001000110 
1000000000000111 
0111111111001111 
1000000000000101 
1000000000110110 
1000000000000010 
0111111111100101 
1000000000110011 
1000000001111111 
1000000001101110 
1000000000100110 
0111111111110001 
0111111111101101 
1000000000000100 
1000000000001101 
0111111111110101 
0111111111000001 
0111111110011110 
0111111110111010 
0111111111110001 
1000000000000000 
1000000000000011 
1000000000100010 
1000000000100011 
0111111111101110 
0111111111100110 
1000000000101110 
1000000001011011 
1000000000101100 
0111111111100101 
0111111111010010 
0111111111100101 
0111111111100110 
0111111111001111 
0111111111010101 
1000000000000101 
1000000000110110 
1000000001011001 
1000000001101111 
1000000001011101 
1000000000011000 
0111111111010000 
0111111111000010 
0111111111111011 
1000000001001000 
1000000001010001 
0111111111111100 
0111111110110011 
0111111111001001 
1000000000001000 
1000000000010010 
0111111111110011 
1000000000000100 
1000000001010001 
1000000001011111 
0111111111110000 
0111111110010001 
0111111111001010 
1000000001000011 
1000000010000100 
1000000010001101 
1000000001101010 
1000000000010111 
0111111111001011 
0111111110111111 
0111111111101000 
1000000000011110 
1000000000111010 
1000000000111100 
1000000001001001 
1000000001010011 
1000000000011011 
0111111110110110 
0111111110000110 
0111111110100000 
0111111111010010 
1000000000001110 
1000000001101010 
1000000010100101 
1000000001011011 
0111111111000101 
0111111110100010 
1000000000001111 
1000000001000101 
0111111111011110 
0111111110001011 
0111111111001100 
1000000000001101 
0111111110111001 
0111111100111110 
0111111101011100 
1000000000000011 
1000000001110101 
1000000000111110 
0111111110101101 
0111111101101001 
0111111110101001 
1000000000001000 
1000000000101000 
1000000000010011 
0111111111110011 
0111111111000111 
0111111110011101 
0111111110110010 
1000000000001100 
1000000001001111 
1000000001011010 
1000000001010111 
1000000000110001 
0111111111010010 
0111111110010110 
0111111111010000 
1000000001010101 
1000000011000110 
1000000010111111 
1000000000010100 
0111111101010000 
0111111100000111 
0111111011111110 
0111111011111010 
0111111101010011 
0111111111110110 
1000000001011100 
1000000001101010 
1000000001001001 
0111111111110001 
0111111110100101 
0111111111011010 
1000000001001000 
1000000000111000 
0111111110110001 
0111111110000001 
1000000000010011 
1000000011001011 
1000000011011101 
1000000001011101 
1000000000000011 
1000000000100000 
1000000001100111 
1000000001111011 
1000000001000100 
0111111111100111 
0111111110100111 
0111111110111011 
1000000000011010 
1000000001101001 
1000000000111110 
0111111111001100 
0111111111010011 
1000000001100101 
1000000010000000 
0111111111001000 
0111111101101010 
1000000000010100 
1000000010110011 
1000000001100110 
0111111111110011 
1000000000011011 
1000000000110110 
0111111111000010 
0111111101110100 
0111111111000011 
1000000000111100 
1000000010001110 
1000000010010011 
0111111111111000 
0111111100001111 
0111111011101000 
0111111110110011 
1000000001011011 
1000000000101100 
0111111110111001 
0111111111000011 
1000000000001000 
0111111111110011 
0111111111011101 
1000000001011111 
1000000100010010 
1000000100101010 
1000000010001001 
0111111110110101 
0111111100111100 
0111111100111001 
0111111101110010 
0111111111110000 
1000000011001110 
1000000110000110 
1000000101110111 
1000000011111100 
1000000011000011 
1000000010100110 
1000000000000001 
0111111100001101 
0111111011100100 
0111111111000111 
1000000010010011 
1000000010000110 
1000000000011011 
0111111111011110 
0111111111100011 
1000000000011000 
1000000000010110 
0111111101111010 
0111111011010110 
0111111100010111 
0111111111111010 
1000000010000010 
1000000001111001 
1000000001000111 
1000000000011000 
0111111111100101 
0111111110111010 
0111111110111011 
1000000000001101 
1000000001110110 
1000000001010101 
0111111110011010 
0111111100011110 
0111111101000111 
0111111110010101 
0111111110111010 
0111111111000100 
0111111110100110 
0111111101111111 
0111111110101110 
1000000000101010 
1000000001100101 
1000000001000000 
1000000000110100 
1000000001011010 
1000000001000110 
0111111111100110 
0111111110100000 
0111111110011011 
0111111111001110 
1000000001011110 
1000000011110000 
1000000010101110 
0111111110111111 
0111111101011101 
0111111111100111 
1000000001101011 
1000000001101000 
1000000000101111 
0111111111101011 
0111111111101011 
1000000010001000 
1000000100101000 
1000000011100010 
0111111111110111 
0111111101000110 
0111111100101011 
0111111110001111 
1000000000011100 
1000000001011100 
1000000001000000 
1000000000101010 
1000000001100110 
1000000010100101 
1000000001001111 
0111111110011111 
0111111101101100 
0111111111010000 
1000000000011100 
1000000000010101 
1000000000001011 
1000000000001100 
1000000000100111 
1000000001101001 
1000000001110000 
1000000000001000 
0111111111000111 
1000000000100000 
1000000001111110 
1000000000100101 
0111111110000110 
0111111110111000 
1000000010100011 
1000000011010100 
0111111111000000 
0111111011101101 
0111111110100011 
1000000011001001 
1000000010111111 
0111111111001101 
0111111101001010 
0111111110101110 
1000000001110000 
1000000011001110 
1000000001001010 
0111111101100111 
0111111101000111 
0111111111100111 
1000000000111000 
1000000000000111 
0111111111100011 
0111111111001000 
0111111110110010 
0111111111101000 
1000000000010010 
0111111111010000 
0111111110110101 
1000000000111001 
1000000011000110 
1000000010001011 
0111111110011110 
0111111100011011 
0111111111001000 
1000000010111100 
1000000010101001 
1000000000000000 
0111111110111011 
0111111110000000 
0111111100001001 
0111111100110010 
1000000000011010 
1000000001110110 
0111111111001111 
0111111101010110 
0111111111000010 
1000000001010000 
1000000001110101 
1000000010001001 
1000000001110101 
0111111111001100 
0111111100111110 
0111111110011000 
1000000000010001 
0111111111011010 
0111111110110011 
1000000001000101 
1000000011101111 
1000000100011000 
1000000010100000 
0111111110000011 
0111111010100011 
0111111100110101 
1000000010100000 
1000000011110101 
0111111110111111 
0111111011000000 
0111111101111111 
1000000100000011 
1000000100111101 
1000000000101111 
0111111110100010 
0111111111110101 
1000000000110101 
1000000010010011 
1000000110000000 
1000000101011011 
0111111010101101 
0111110000001001 
0111110100101111 
1000000010001111 
1000000111100000 
1000000111010101 
1000001011010000 
1000001010010111 
0111111111100011 
0111111010101000 
1000000000100001 
1000000000010110 
0111111001000100 
0111111100011100 
1000000110011110 
1000000100111110 
0111111111011110 
1000000100110110 
1000001000101111 
0111111110100110 
0111110101110010 
0111111001111100 
0111111110101111 
0111111101010001 
0111111100100000 
0111111101010110 
0111111110100101 
1000000101101101 
1000001111000100 
1000001011100000 
0111111100010001 
0111110111110110 
1000000101011010 
1000001111000000 
1000000110000011 
0111111010011011 
0111111100001111 
1000000001100111 
0111111110010011 
0111111011011101 
1000000100101101 
1000001101111110 
1000000101101000 
0111110111001101 
0111111010000101 
1000000111001101 
1000000100110010 
0111110100000010 
0111101110011011 
0111111001001001 
1000000001111001 
1000000010010001 
1000000010110001 
1000000110000111 
1000000100111000 
0111111011100111 
0111110100100011 
0111110111111000 
0111111110011000 
1000000010011011 
1000000110100111 
1000000011100001 
0111110101110010 
0111110011011001 
1000000010101001 
1000000110010100 
0111111010011010 
0111111011111010 
1000001001001000 
1000001001111101 
1000000000101101 
0111111001110101 
0111110101001010 
0111110110110101 
1000000001100001 
1000000101111001 
0111111011011111 
0111110001110000 
0111110111010011 
1000000111011100 
1000010000011001 
1000000110101110 
0111110111100001 
0111110111100000 
1000000001001000 
1000000001100001 
0111111101110101 
1000000010010110 
1000000101010111 
1000000000001110 
0111111100011111 
0111111101000001 
0111111111001100 
1000000011100100 
1000000010101001 
0111111000111000 
0111110111001111 
1000000100000010 
1000001001110110 
1000000000011101 
0111111010000110 
0111111101111110 
1000000001001100 
1000000001110111 
1000000100010010 
1000000010100100 
0111111010100110 
0111111001100100 
1000000100101011 
1000001010001010 
0111111111110011 
0111110110111011 
0111111101011000 
1000000110110011 
1000000110010011 
1000000001110110 
0111111111011011 
0111111100001111 
0111111011110011 
1000000001010111 
1000000100010000 
1000000000001000 
0111111101011011 
0111111111101001 
1000000000110100 
0111111111101110 
0111111111101001 
0111111111111101 
0111111111010000 
0111111110100000 
0111111110101110 
1000000000011111 
1000000010101110 
1000000010011000 
0111111111010111 
0111111101111011 
0111111111110000 
1000000001000011 
0111111111110111 
0111111110110100 
0111111111011101 
1000000000001111 
1000000000000000 
0111111111100011 
0111111111100101 
1000000000000110 
1000000001000100 
1000000001110101 
1000000001001100 
0111111111010010 
0111111101100111 
0111111101010011 
0111111110101000 
1000000001000110 
1000000010011011 
1000000000111010 
0111111110101101 
0111111110111010 
1000000000100110 
1000000000101011 
0111111111001111 
0111111111000000 
1000000000101001 
1000000001111100 
1000000000110101 
0111111110110010 
0111111111000101 
1000000001100111 
1000000010101100 
1000000000100001 
0111111110000010 
0111111110010100 
1000000000011011 
1000000001101101 
1000000000110011 
0111111111000011 
0111111110110110 
1000000000001010 
1000000001010000 
1000000001010000 
1000000000000010 
0111111110101100 
0111111111000011 
1000000000011010 
1000000000010010 
0111111111001110 
0111111111110111 
1000000001011011 
1000000001010110 
0111111111100010 
0111111101110101 
0111111110010101 
1000000000111000 
1000000010001000 
1000000000101001 
0111111111010100 
0111111111110110 
1000000000011110 
1000000000001001 
1000000000000011 
1000000000100000 
1000000000011110 
0111111111100011 
0111111110110011 
0111111111010110 
1000000000010011 
1000000000011111 
1000000000011101 
1000000000100111 
1000000000010001 
0111111111100011 
0111111111101000 
1000000000001110 
0111111111110100 
0111111110111100 
0111111111110001 
1000000001010110 
1000000000010000 
0111111101110111 
0111111110100100 
1000000001101000 
1000000001111101 
0111111111001101 
0111111110101011 
1000000001010000 
1000000001110010 
0111111110111111 
0111111101101101 
0111111111110000 
1000000001000011 
1000000000000000 
0111111111101110 
1000000001000100 
1000000001100010 
1000000000000100 
0111111111000100 
0111111111110010 
0111111111111111 
0111111110111100 
0111111111010011 
1000000001000100 
1000000001010010 
1000000000001110 
0111111111111011 
0111111111110111 
0111111111010001 
0111111111011001 
1000000000001000 
1000000000001101 
1000000000000000 
1000000000000000 
0111111111100111 
0111111111001101 
0111111111101010 
1000000000010111 
1000000000100000 
1000000000011110 
1000000000010011 
0111111111100010 
0111111111000100 
0111111111110011 
1000000000110100 
1000000000011110 
0111111111001110 
0111111111001001 
1000000000011000 
1000000000111010 
0111111111111101 
0111111111001001 
0111111111100010 
1000000000100010 
1000000001010001 
1000000000110000 
0111111111001000 
0111111110011100 
0111111111100100 
1000000000101101 
1000000000100101 
0111111111111101 
0111111111110000 
0111111111111000 
0111111111111100 
0111111111110100 
0111111111110111 
1000000000010001 
1000000000011111 
1000000000000101 
0111111111101110 
0111111111101101 
0111111111101000 
0111111111101010 
1000000000000011 
1000000000000000 
0111111111011001 
0111111111100101 
1000000000101100 
1000000000110111 
0111111111101011 
0111111111000011 
1000000000000011 
1000000001000101 
1000000000011110 
0111111111010011 
0111111111011000 
1000000000001010 
1000000000011100 
1000000000001111 
0111111111111001 
0111111111101001 
0111111111111010 
1000000000011100 
1000000000011011 
0111111111111010 
0111111111100111 
0111111111101110 
1000000000001100 
1000000000100000 
1000000000001001 
0111111111110001 
1000000000001000 
1000000000101010 
1000000000010010 
0111111111001111 
0111111110111101 
1000000000000000 
1000000000111100 
1000000000011110 
0111111111100001 
0111111111100011 
1000000000000110 
1000000000001110 
1000000000000100 
1000000000001010 
1000000000001010 
0111111111110110 
0111111111110000 
1000000000000100 
1000000000001101 
0111111111111111 
0111111111111111 
1000000000010101 
1000000000001011 
0111111111011111 
0111111111100100 
1000000000100011 
1000000000101110 
0111111111100111 
0111111111001011 
1000000000001011 
1000000000101101 
1000000000000011 
0111111111101100 
1000000000000011 
1000000000000100 
0111111111110010 
1000000000000010 
1000000000011011 
1000000000001000 
0111111111100011 
0111111111100100 
1000000000001010 
1000000000100010 
1000000000001100 
0111111111101000 
0111111111101101 
1000000000001100 
1000000000010110 
1000000000001101 
0111111111111111 
0111111111101110 
0111111111101010 
0111111111111110 
1000000000001011 
1000000000000011 
0111111111111011 
0111111111111100 
1000000000000111 
1000000000001011 
0111111111110000 
0111111111011010 
0111111111111100 
1000000000100110 
1000000000010001 
0111111111101110 
0111111111111101 
1000000000010111 
1000000000001010 
0111111111101111 
0111111111101100 
0111111111111010 
1000000000000010 
1000000000010110 
1000000000100010 
0111111111111110 
0111111111011001 
0111111111111000 
1000000000100001 
1000000000001001 
0111111111101001 
0111111111111011 
1000000000001101 
1000000000000110 
0111111111111110 
0111111111110100 
0111111111110110 
1000000000001100 
1000000000010001 
0111111111110111 
0111111111101100 
1000000000000100 
1000000000010000 
0111111111111011 
0111111111110001 
1000000000000101 
1000000000010010 
0111111111111110 
0111111111110000 
0111111111111110 
1000000000000101 
1000000000000000 
1000000000000000 
0111111111111101 
0111111111110010 
0111111111111011 
1000000000001111 
1000000000010000 
1000000000000000 
0111111111110111 
0111111111111010 
1000000000001000 
1000000000011000 
1000000000010101 
0111111111111011 
0111111111100100 
0111111111110001 
1000000000010010 
1000000000001101 
0111111111101010 
0111111111101001 
1000000000001100 
1000000000010011 
0111111111110000 
0111111111100001 
1000000000000001 
1000000000011010 
1000000000000111 
0111111111101111 
0111111111111101 
1000000000001000 
0111111111111010 
0111111111110011 
0111111111110111 
0111111111110101 
1000000000000001 
1000000000010001 
0111111111111111 
0111111111100101 
0111111111111001 
1000000000010110 
1000000000001101 
0111111111111010 
0111111111110111 
0111111111111101 
1000000000001001 
1000000000010000 
1000000000000010 
0111111111110101 
1000000000000001 
1000000000010010 
1000000000001000 
0111111111111001 
0111111111111110 
1000000000001000 
1000000000001000 
1000000000000001 
0111111111111000 
0111111111110100 
0111111111111111 
1000000000010010 
1000000000001011 
0111111111101101 
0111111111101100 
1000000000001011 
1000000000011010 
1000000000000010 
0111111111101011 
0111111111110111 
1000000000001100 
1000000000001011 
0111111111111101 
0111111111110111 
0111111111111111 
1000000000001110 
1000000000001110 
0111111111111011 
0111111111110000 
0111111111111100 
1000000000000111 
1000000000000010 
0111111111111101 
0111111111111100 
1000000000000011 
1000000000001110 
1000000000000011 
0111111111110000 
0111111111111000 
1000000000001000 
1000000000000000 
0111111111110101 
0111111111111111 
1000000000001001 
1000000000000110 
1000000000000000 
0111111111111010 
0111111111111011 
1000000000000001 
1000000000000111 
1000000000001010 
1000000000000100 
0111111111111010 
0111111111111000 
0111111111111110 
1000000000000000 
0111111111111110 
1000000000000001 
1000000000000100 
1000000000000000 
0111111111111001 
0111111111111101 
1000000000001010 
1000000000001101 
1000000000000001 
0111111111111011 
0111111111111111 
1000000000000001 
1000000000000001 
1000000000000010 
0111111111111110 
0111111111111101 
1000000000000101 
1000000000000110 
0111111111111011 
0111111111111010 
1000000000000011 
0111111111111101 
0111111111110100 
1000000000000010 
1000000000010001 
1000000000001010 
0111111111110011 
1000000000000011 
0111111111111101 
0111111111111000 
1000000001011100 
1000000000100110 
0111111010111001 
0111110111000101 
0111111010110010 
1000000000010001 
1000000001001101 
1000000000000110 
1000000000000111 
1000000000000110 
1000000000000101 
0111111111111110 
0111111111111111 
0111111111111110 
0111111111111111 
1000000000000000 
1000000000000000 
1000000000000000 
1000000000000000 
1000000000000000 
1000000000000000 
1000000000000000 
1000000000000000 
1000000000000000 
1000000000000000 
