0111111111110010 
0111111111010010 
0111111111001101 
0111111111100110 
0111111111111101 
0111111111101010 
0111111111001111 
0111111111101000 
0111111111101101 
0111111110100000 
0111111110000010 
1000000000100101 
1000000100010010 
1000000101010010 
1000000010111110 
1000000000010011 
0111111111010001 
0111111111100010 
0111111111101011 
0111111111100010 
0111111111010110 
0111111111010001 
0111111111100100 
1000000000000100 
1000000000001011 
0111111111110010 
0111111111101011 
1000000000000010 
1000000000000111 
1000000000000000 
1000000000011010 
1000000000110110 
1000000000011001 
0111111111101011 
0111111111101000 
1000000000000010 
1000000000011100 
1000000000101101 
1000000000100000 
0111111111110101 
0111111111011010 
0111111111101100 
1000000000001010 
1000000000000001 
0111111111010100 
0111111110111100 
0111111111010011 
0111111111110001 
0111111111110100 
0111111111101011 
0111111111110000 
1000000000000001 
1000000000001000 
0111111111111110 
0111111111110111 
1000000000001000 
1000000000101110 
1000000001001110 
1000000001000001 
0111111111111101 
0111111110110101 
0111111110101001 
0111111111011010 
1000000000001111 
1000000000100000 
1000000000010111 
1000000000010001 
1000000000001101 
1000000000000001 
0111111111111011 
1000000000000000 
1000000000000001 
1000000000001010 
1000000000100011 
1000000000110000 
1000000000100000 
1000000000001100 
1000000000000110 
1000000000000101 
1000000000000111 
1000000000000100 
0111111111100110 
0111111111000010 
0111111111001100 
0111111111111001 
1000000000000111 
0111111111100111 
0111111111001001 
0111111111001100 
0111111111011011 
0111111111011000 
0111111111010000 
0111111111011101 
0111111111101111 
0111111111100001 
0111111111001001 
0111111111011000 
0111111111111111 
1000000000001101 
1000000000001000 
1000000000011010 
1000000000110111 
1000000000110000 
0111111111111010 
0111111110111101 
0111111110100001 
0111111110101011 
0111111111001110 
0111111111111111 
1000000000100111 
1000000000110000 
1000000000100001 
1000000000100010 
1000000000110011 
1000000000100101 
0111111111111000 
0111111111100000 
0111111111111001 
1000000000110100 
1000000001101011 
1000000001101000 
1000000000010100 
0111111111000110 
0111111111100000 
1000000000101000 
1000000000011110 
0111111111011010 
0111111111010010 
0111111111111111 
0111111111111100 
0111111111000111 
0111111110111000 
0111111111101100 
1000000000100000 
1000000000100011 
1000000000001001 
1000000000001001 
1000000000101111 
1000000001000110 
1000000000101111 
1000000000011010 
1000000000100011 
1000000000001110 
0111111110111111 
0111111110001110 
0111111111010010 
1000000001001110 
1000000010000110 
1000000001010011 
0111111111101000 
0111111110001011 
0111111110001100 
1000000000010011 
1000000010100001 
1000000010000011 
1000000000000000 
1000000000011100 
1000000011000101 
1000000011000100 
0111111110111011 
0111111011010000 
0111111100000000 
0111111111100010 
1000000010001100 
1000000010011001 
1000000000101110 
0111111110111101 
0111111110111110 
1000000000001001 
0111111111110101 
0111111101111110 
0111111101011011 
0111111111000000 
1000000001101000 
1000000011011010 
1000000001001000 
0111111100011011 
0111111101000001 
1000000010101111 
1000000011110110 
0111111110110111 
0111111100100001 
0111111111010001 
1000000001101100 
1000000001001000 
0111111111001101 
0111111110101010 
1000000000101100 
1000000010110111 
1000000001111100 
0111111111000011 
0111111110000100 
0111111111101100 
1000000000110010 
1000000000000101 
1000000000010000 
1000000010001010 
1000000010101100 
1000000000100100 
0111111110001101 
0111111101100001 
0111111110101100 
1000000001001001 
1000000010100010 
1000000000110011 
0111111101111000 
0111111101011010 
0111111111000000 
0111111111001100 
0111111101110000 
0111111110000111 
1000000000110001 
1000000010010110 
1000000001111011 
1000000001111111 
1000000010010101 
1000000000010101 
0111111101010101 
0111111101010010 
1000000000000110 
1000000010010010 
1000000010100111 
1000000010001101 
1000000001100001 
1000000000010010 
0111111111001001 
0111111110110010 
0111111110101110 
0111111110011111 
0111111110111110 
1000000000110100 
1000000010010110 
1000000001111010 
1000000000011111 
0111111111011111 
0111111110110010 
0111111110011110 
0111111111010111 
1000000000110111 
1000000001010110 
1000000000110010 
1000000000001001 
0111111111010011 
0111111101100111 
0111111100011000 
0111111101111101 
1000000001100000 
1000000011000111 
1000000001011010 
0111111110110010 
0111111101000001 
0111111100111001 
0111111111011001 
1000000010101111 
1000000010100100 
0111111110110100 
0111111101000111 
0111111111111101 
1000000010101110 
1000000001111000 
1000000000110000 
1000000001111001 
1000000001101100 
0111111110100100 
0111111101100101 
1000000000101010 
1000000010010110 
0111111111101111 
0111111101001111 
0111111110100111 
1000000001110001 
1000000010110101 
1000000001110001 
1000000001010101 
1000000001100000 
0111111111010010 
0111111011011110 
0111111011110010 
1000000001101100 
1000000110110100 
1000000110000000 
1000000001010011 
0111111101000011 
0111111011001101 
0111111100010111 
0111111111010010 
1000000000101000 
0111111110111111 
0111111101011011 
0111111110110010 
1000000001000000 
1000000000110001 
0111111110110110 
0111111110000101 
0111111111010111 
1000000001010111 
1000000001010010 
0111111101110101 
0111111010111000 
0111111101010100 
1000000010011101 
1000000011100001 
1000000000101010 
0111111110111111 
0111111111001100 
0111111111001010 
0111111111100001 
1000000000111110 
1000000001000110 
0111111111001101 
0111111110011001 
1000000000000101 
1000000001111100 
1000000001111100 
1000000000101101 
1000000000010101 
1000000010000000 
1000000100010111 
1000000100101100 
1000000010010110 
0111111111101101 
0111111110111100 
0111111111100111 
1000000000010000 
1000000000100001 
1000000000110111 
1000000001001001 
1000000000110000 
0111111111101011 
0111111110110010 
0111111111100100 
1000000001011111 
1000000001110101 
1000000000111000 
1000000000111001 
1000000010001001 
1000000011111101 
0111111011011111 
0111100111111001 
0111101101010000 
1000010100010000 
1000011111010001 
0111111000100111 
0111100110001011 
1000000011110110 
1000010101110100 
1000000100100110 
0111110110111000 
0111111100000101 
1000000100011101 
1000000101111100 
1000000000100010 
0111111011001011 
0111111011110000 
0111111110111110 
1000000001011001 
1000000010101100 
1000000001101100 
1000000000010011 
1000000000001000 
0111111110110010 
0111111101101100 
1000000000000111 
1000000001101100 
0111111110001100 
0111111010111010 
0111111101101001 
1000000011001100 
1000000100011110 
1000000000010001 
0111111100010011 
0111111100000101 
0111111100101001 
0111111100101010 
0111111111001000 
1000000011011110 
1000000100101010 
1000000001101100 
0111111111000001 
0111111111001011 
0111111111111001 
0111111111001110 
0111111110011101 
0111111110011101 
0111111101101011 
0111111100001011 
0111111100101010 
0111111111111010 
1000000010111101 
1000000010111101 
1000000000100111 
0111111111011101 
1000000000111110 
1000000010010001 
1000000001011001 
1000000000001111 
0111111111110000 
0111111111001011 
0111111111000010 
0111111111010100 
0111111110110010 
0111111110101111 
1000000000100110 
1000000001111010 
1000000000101011 
0111111110100100 
0111111101101000 
0111111110110111 
1000000010000000 
1000000011011110 
1000000001110001 
1000000001101001 
1000000011111100 
1000000010001000 
0111111100101111 
0111111100001111 
1000000000110001 
1000000011001101 
1000000010111110 
1000000011000100 
1000000001111101 
0111111110101110 
0111111100111101 
0111111110101111 
1000000001011100 
1000000001100111 
0111111111110101 
0111111111100001 
1000000000101010 
0111111111110100 
0111111101100111 
0111111110101000 
1000000010101110 
1000000100011010 
1000000001011111 
0111111101110010 
0111111101001100 
0111111110111110 
1000000000100100 
1000000001010100 
1000000001100100 
1000000001011011 
1000000001011000 
1000000001011011 
1000000001001100 
1000000000101111 
0111111111111100 
0111111110010110 
0111111100111010 
0111111101100001 
1000000000001110 
1000000011001101 
1000000100010101 
1000000010101010 
0111111111110001 
0111111110100111 
0111111111001110 
0111111111001100 
0111111110100101 
0111111111010000 
1000000000001101 
0111111111001101 
0111111101011001 
0111111101111100 
1000000000111100 
1000000010101101 
1000000000100111 
0111111101111101 
0111111111110001 
1000000011101001 
1000000010110011 
0111111101101001 
0111111011011000 
0111111110011110 
1000000001111101 
1000000010001000 
1000000000111011 
1000000000101000 
1000000000001000 
0111111110101111 
0111111110001110 
0111111110101111 
0111111110110100 
0111111111011001 
1000000001100001 
1000000010110010 
1000000001100111 
1000000000010010 
1000000000000001 
0111111111111010 
1000000000000111 
1000000000111101 
1000000000111101 
0111111110111101 
0111111100100110 
0111111100101000 
0111111111010111 
1000000010100100 
1000000011010101 
0111111111101100 
0111111101010010 
1000000111001110 
1000001000011111 
0111100100000001 
0111001111101000 
1000000111110110 
1000111010010111 
1000001011011110 
0111010001000010 
0111101101101110 
1000011101011000 
1000010011010001 
0111111000011101 
0111110110110011 
0111111111010101 
1000000011101010 
1000000010000000 
0111111100010011 
0111111011001000 
0111111111110111 
1000000011111011 
1000000011111101 
1000000000011101 
0111111110110000 
1000000001010010 
1000000000100110 
0111111100011110 
0111111110100100 
1000000011101100 
1000000001101001 
0111111100011101 
0111111100010100 
0111111111001001 
1000000000101111 
1000000001000011 
1000000000111110 
1000000000110011 
0111111111110110 
0111111110010001 
0111111110011101 
1000000000001010 
1000000000010011 
0111111111010101 
0111111111110111 
1000000001001001 
1000000001001000 
1000000000001111 
0111111111110100 
1000000000001111 
1000000001001100 
1000000001100101 
1000000000101101 
0111111111100110 
0111111111101010 
1000000000001101 
0111111111101011 
0111111110101100 
0111111111011010 
1000000001111011 
1000000011001000 
1000000001000101 
0111111110100010 
0111111110110111 
1000000000101111 
1000000001011001 
1000000001000010 
1000000000001101 
0111111110010110 
0111111101010111 
0111111111001010 
1000000001011011 
1000000001111000 
1000000001101011 
1000000001000010 
0111111111010110 
0111111110111011 
1000000000111110 
1000000001111111 
1000000000001101 
0111111110100100 
0111111111010110 
1000000001010110 
1000000010010010 
1000000001000111 
0111111111000000 
0111111101111110 
0111111110011110 
0111111111101000 
1000000000011000 
1000000000000001 
0111111111001011 
0111111111001100 
0111111111110101 
1000000000001100 
1000000000010010 
1000000000010010 
1000000000010111 
1000000001001000 
1000000001111100 
1000000001011001 
1000000000000100 
0111111111000010 
0111111110100110 
0111111111011001 
1000000000110101 
1000000000100011 
0111111110100001 
0111111101100011 
0111111110101000 
1000000000001111 
1000000001010001 
1000000001011111 
1000000001000111 
1000000000001000 
0111111110100110 
0111111110011011 
1000000000101100 
1000000001111101 
0111111111010010 
0111111100101011 
0111111110110010 
1000000010100100 
1000000010101100 
1000000000001101 
0111111111001100 
1000000000001100 
1000000000101101 
0111111111011111 
0111111110001010 
0111111110110011 
1000000000110100 
1000000001011111 
1000000000001001 
0111111111001011 
1000000000001100 
1000000001111101 
1000000010001101 
1000000000001111 
0111111110010000 
0111111110010101 
0111111111010001 
0111111111100000 
1000000000001011 
1000000001100010 
1000000001001110 
0111111111100011 
0111111111010100 
1000000000010010 
1000000000010000 
0111111111011010 
0111111111010110 
1000000000001010 
1000000000011000 
0111111111001011 
0111111110010010 
0111111111100110 
1000000001011100 
1000000001100001 
1000000000111010 
1000000000110000 
0111111111111001 
0111111110100100 
0111111110101110 
1000000000101111 
1000000010001110 
1000000001001100 
0111111111001100 
0111111110100100 
0111111111001101 
1000000010011001 
1000000001100000 
0111110011011001 
0111110000000110 
1000001101011010 
1000011110011011 
0111111110001101 
0111100100110001 
0111111110000010 
1000010101101100 
1000000101111110 
0111110100111100 
0111111010001111 
1000000011000110 
1000000100001111 
1000000000111011 
0111111101100001 
0111111110001101 
1000000001001011 
1000000001110110 
1000000000011101 
0111111110101100 
0111111110101000 
1000000000101011 
1000000000111010 
0111111111001001 
0111111111101101 
1000000000111101 
0111111111110100 
0111111111100110 
1000000001010010 
1000000000111010 
0111111110111000 
0111111110101100 
0111111111101100 
0111111111110011 
0111111111110110 
1000000000100100 
1000000000111001 
1000000000000010 
0111111111000011 
0111111111010100 
1000000000010100 
1000000001000001 
1000000001000001 
0111111111111111 
0111111110110101 
0111111111001101 
1000000000100000 
1000000000101000 
0111111111111011 
0111111111111011 
1000000000001001 
0111111111111100 
0111111111111111 
1000000000001001 
0111111111110011 
0111111111100010 
0111111111111000 
1000000000001111 
1000000000001110 
1000000000001100 
1000000000001000 
0111111111110101 
0111111111101011 
1000000000000110 
1000000000101010 
1000000000101000 
1000000000000101 
0111111111110010 
1000000000000010 
1000000000010001 
1000000000000000 
0111111111101000 
0111111111110000 
1000000000001101 
1000000000011110 
1000000000001111 
0111111111100010 
0111111110111111 
0111111111011011 
1000000000011101 
1000000000111010 
1000000000100010 
0111111111111111 
0111111111110011 
0111111111111000 
1000000000001011 
1000000000100101 
1000000000101001 
0111111111111110 
0111111111010001 
0111111111100101 
1000000000011000 
1000000000001100 
0111111111100000 
0111111111110101 
1000000000110010 
1000000000101001 
0111111111101100 
0111111111011111 
0111111111111000 
0111111111111010 
0111111111110101 
0111111111111111 
1000000000000001 
0111111111110011 
0111111111110111 
1000000000000111 
1000000000001100 
1000000000001111 
1000000000001001 
0111111111111001 
0111111111111001 
1000000000001011 
1000000000010100 
1000000000000001 
0111111111110100 
0111111111111010 
0111111111111110 
0111111111111001 
0111111111110110 
0111111111111101 
1000000000001101 
1000000000001111 
0111111111111011 
0111111111110111 
1000000000001111 
1000000000010011 
0111111111110010 
0111111111101100 
1000000000001011 
1000000000011000 
1000000000000010 
0111111111110000 
0111111111101111 
1000000000000100 
1000000000011001 
1000000000001010 
0111111111101001 
0111111111101010 
1000000000000000 
1000000000001101 
1000000000010100 
1000000000010000 
0111111111110010 
0111111111101001 
1000000000001001 
1000000000011011 
1000000000000111 
0111111111111101 
1000000000001011 
1000000000001110 
0111111111111101 
0111111111110010 
0111111111111000 
1000000000000000 
1000000000000101 
1000000000000011 
0111111111111000 
0111111111110000 
0111111111111011 
1000000000010011 
1000000000011001 
1000000000000011 
0111111111101001 
1000000000001010 
1000000001001101 
0111111110110101 
0111111011110011 
1000000000111011 
1000000111010101 
1000000001001100 
0111111000101110 
0111111110001001 
1000000101111110 
1000000001110001 
0111111100010001 
0111111110111110 
1000000001111011 
1000000000101111 
0111111111010011 
0111111111001111 
0111111111111010 
1000000000101000 
1000000000011100 
0111111111111101 
0111111111101111 
0111111111100010 
0111111111101111 
1000000000001111 
1000000000001000 
0111111111111001 
1000000000000100 
0111111111111000 
0111111111101000 
1000000000001001 
1000000000100101 
1000000000000110 
0111111111101011 
1000000000000001 
1000000000010101 
1000000000000100 
0111111111110111 
1000000000001000 
1000000000010101 
1000000000000000 
0111111111101100 
0111111111111100 
1000000000010000 
1000000000001001 
1000000000000000 
1000000000000000 
0111111111111100 
0111111111111010 
1000000000000101 
1000000000001000 
0111111111111001 
0111111111110011 
1000000000000101 
1000000000001101 
0111111111111101 
0111111111110110 
1000000000001011 
1000000000011001 
1000000000000110 
0111111111110000 
0111111111110011 
1000000000000000 
1000000000001100 
1000000000010011 
1000000000000111 
0111111111101111 
0111111111101011 
1000000000000111 
1000000000011100 
1000000000001001 
0111111111101110 
0111111111110100 
1000000000001000 
1000000000000110 
0111111111111001 
0111111111111110 
1000000000000110 
0111111111111111 
0111111111110110 
0111111111111011 
1000000000000101 
1000000000001010 
1000000000000110 
0111111111111100 
0111111111111000 
1000000000000011 
1000000000000101 
0111111111110110 
0111111111110010 
0111111111111110 
1000000000000011 
1000000000000000 
1000000000000010 
1000000000000010 
1000000000000000 
1000000000000110 
1000000000001000 
0111111111111100 
0111111111110101 
0111111111111110 
1000000000001010 
1000000000001001 
0111111111111110 
0111111111111000 
1000000000000001 
1000000000001000 
1000000000000001 
0111111111111000 
0111111111111000 
0111111111111011 
0111111111111010 
1000000000000001 
1000000000001000 
0111111111111101 
0111111111101101 
0111111111110010 
1000000000000011 
1000000000000100 
0111111111110110 
0111111111110110 
1000000000000011 
1000000000000101 
0111111111111100 
0111111111111001 
0111111111111110 
1000000000000000 
0111111111111101 
0111111111111110 
1000000000000010 
1000000000000100 
0111111111111111 
0111111111111100 
0111111111111111 
1000000000000100 
1000000000000101 
1000000000000010 
0111111111111011 
0111111111110101 
0111111111111110 
1000000000001101 
1000000000000111 
0111111111110011 
0111111111110010 
1000000000000101 
1000000000010000 
1000000000001001 
1000000000000001 
1000000000000001 
1000000000000001 
1000000000000000 
0111111111111101 
0111111111111011 
1000000000000000 
1000000000001010 
1000000000000110 
0111111111110111 
0111111111111010 
1000000000000111 
1000000000001001 
0111111111110101 
1000000000000011 
0111111111101111 
0111111111111100 
1000000001110110 
1000000000001011 
0111111001010101 
0111110101111111 
0111111011000011 
1000000000110111 
1000000001001110 
0111111111111101 
1000000000000101 
1000000000000100 
1000000000000110 
0111111111111110 
1000000000000000 
1000000000000010 
1000000000000100 
1000000000000001 
0111111111111111 
1000000000000000 
1000000000000000 
1000000000000000 
1000000000000000 
1000000000000000 
1000000000000000 
0111111111111111 
0111111111111110 
