1000100001110001 
1000010010101011 
1000000000001000 
0111111001011111 
0111110110100001 
0111111001001110 
1000000010000000 
1000000110110101 
1000000011100001 
0111111011101100 
1000000100100010 
1000001101010100 
1000000110111011 
0111110011001010 
0111111000110011 
1000000011000001 
1000000010001000 
1000000000011011 
1000000010010101 
1000000101101100 
1000000101101111 
1000000011011000 
1000000000101100 
0111111110111011 
0111111110110100 
0111111111111010 
1000000000011101 
0111111111010011 
0111111101001011 
0111111100111000 
0111111101110010 
0111111110001111 
0111111110001001 
0111111110001111 
0111111110101111 
0111111111010001 
0111111111101000 
0111111100110111 
1000000000010000 
1000000010100111 
1000000000111011 
0111111101110000 
0111111100000111 
0111111011001111 
0111111110000100 
1000000100000111 
1000000100010111 
1000000001101011 
1000000000000111 
1000000000100111 
0111111110111001 
0111111010100010 
0111110110101101 
0111111001011001 
1000000011100111 
1000001011101101 
1000001011111100 
1000000011101010 
0111111011000000 
0111111000001001 
0111111010011100 
0111111110111001 
1000000100011010 
1000000110001000 
1000000100001110 
1000000001011010 
0111111111110001 
0111111111000010 
0111111110100100 
0111111110011110 
0111111110110000 
0111111111100100 
1000000000001100 
1000000000011010 
1000000000101010 
1000000000110110 
1000000000011101 
0111111111011111 
0111111110111000 
0111111111000111 
0111111111101110 
1000000000010111 
1000000000100101 
1000000000001011 
0111111111100001 
0111111111011001 
0111111111110111 
1000000000010111 
1000000000011101 
1000000000010111 
1000000000010000 
1000000000000101 
0111111111110011 
0111111111101011 
0111111111101001 
0111111111100111 
0111111111110101 
1000000000011001 
1000000000111001 
1000000000110001 
1000000000000111 
0111111111101000 
0111111111011011 
0111111111010110 
0111111111011101 
1000000000000001 
1000000000001001 
1000000000001011 
1000000000011101 
1000000001011111 
1000000010010011 
1000000001001000 
0111111110100101 
0111111101010101 
0111111110010011 
1000000000010100 
1000000001001010 
1000000000101100 
1000000000001100 
1000000000000101 
1000000000001000 
1000000000000101 
0111111111111110 
0111111111100110 
0111111111001000 
0111111111011000 
1000000000010110 
1000000001001001 
1000000001001000 
1000000000110001 
1000000000100101 
1000000000100101 
1000000000101011 
1000000000010010 
0111111111111000 
0111111111011101 
0111111111101110 
0111111111111011 
1000000000001100 
1000000000010001 
1000000000000010 
0111111111100101 
0111111111010001 
0111111111011110 
0111111111111000 
0111111111111000 
0111111111111101 
1000000000011011 
1000000000011010 
0111111111110010 
0111111111100000 
0111111111110011 
1000000000000100 
0111111111011011 
0111111110101110 
0111111111000100 
0111111111100001 
0111111111000010 
0111111110010101 
0111111110101101 
0111111111101101 
1000000000001101 
0111111111110111 
0111111111010101 
0111111111001110 
0111111111100100 
0111111111111100 
1000000000001010 
0111111111111110 
0111111111100101 
0111111111100010 
0111111111111011 
1000000000011100 
1000000000100001 
1000000000010000 
0111111111110111 
0111111111011000 
0111111111010010 
0111111111011000 
0111111111010011 
0111111111010001 
0111111111101100 
1000000000100010 
1000000000100110 
0111111111101001 
0111111110110000 
0111111110111101 
1000000000010100 
1000000000110111 
1000000000001001 
0111111111000100 
0111111111000101 
1000000000001111 
1000000001000010 
1000000000011010 
0111111111010111 
0111111111011011 
1000000000010110 
1000000000101110 
1000000000001101 
0111111111011010 
0111111111010111 
0111111111111000 
1000000000011001 
1000000000000000 
0111111111010010 
0111111111010101 
1000000000100010 
1000000001000001 
0111111111111111 
0111111110110100 
0111111110111010 
1000000000000101 
1000000001001111 
1000000001010000 
1000000000001011 
0111111110111110 
0111111110110110 
0111111111110111 
1000000001000100 
1000000001010001 
1000000000100111 
0111111111110101 
0111111111011011 
0111111111010100 
0111111111101010 
1000000000001110 
1000000000001100 
1000000000000000 
1000000000000100 
1000000000011000 
1000000000011000 
0111111111110100 
0111111111001110 
0111111111001111 
0111111111101000 
1000000000010111 
1000000000100100 
0111111111101011 
0111111110110111 
0111111111001110 
1000000000100111 
1000000001011100 
1000000000101000 
0111111111010100 
0111111110111000 
0111111111011101 
1000000000001110 
1000000000001011 
1000000000000000 
1000000000010010 
1000000000001111 
1000000000000001 
1000000000000100 
1000000000100011 
1000000000011101 
0111111111100110 
0111111111010101 
0111111111111111 
1000000000101100 
1000000000011001 
0111111111110111 
0111111111110011 
0111111111111000 
0111111111110111 
0111111111101010 
1000000000000010 
1000000000101110 
1000000000111111 
1000000000100100 
0111111111101001 
0111111110111100 
0111111110111011 
0111111111101000 
1000000000100110 
1000000001000000 
1000000000110110 
1000000000010001 
0111111111010010 
0111111110100101 
0111111110100100 
0111111111101001 
1000000001000000 
1000000001011111 
1000000000100011 
0111111111001100 
0111111110111010 
0111111111110011 
1000000000100111 
1000000000010100 
0111111111100100 
0111111111011101 
1000000000010111 
1000000001011000 
1000000001010100 
1000000000001011 
0111111110101001 
0111111110010011 
0111111111100011 
1000000001011011 
1000000010010000 
1000000000111001 
0111111110111011 
0111111110100110 
0111111111111000 
1000000000111010 
1000000000110001 
1000000000000011 
0111111111101001 
0111111111010011 
0111111111000100 
0111111111110101 
1000000001000011 
1000000001001110 
0111111111100001 
0111111101111111 
0111111110100001 
1000000000011010 
1000000001001011 
1000000000001111 
0111111111001010 
0111111111010011 
1000000000001000 
1000000000110110 
1000000000101110 
1000000000000000 
0111111111010011 
0111111111011010 
1000000000011110 
1000000001010010 
1000000000110101 
0111111111100011 
0111111110100111 
0111111111000111 
1000000000101001 
1000000001100110 
1000000001010001 
0111111111111001 
0111111110110101 
0111111110111100 
0111111111111110 
1000000000110001 
1000000000100000 
0111111111100110 
0111111110110110 
0111111110111111 
0111111111101011 
1000000000010011 
1000000000101110 
1000000000111000 
1000000000010100 
0111111111001101 
0111111110011110 
0111111111001011 
1000000000011111 
1000000001000011 
1000000000011000 
0111111111100010 
0111111111111000 
1000000001000111 
1000000001100001 
1000000000001010 
0111111110001100 
0111111101110000 
0111111111100010 
1000000001101010 
1000000010001110 
1000000000101110 
0111111110101001 
0111111101111001 
0111111111000101 
1000000001000110 
1000000001100000 
1000000000001000 
0111111110101000 
0111111110100001 
0111111111101100 
1000000001001010 
1000000001100010 
1000000000110001 
0111111111010111 
0111111110011011 
0111111111000010 
1000000000011111 
1000000001100011 
1000000000110101 
0111111111101010 
0111111110110110 
0111111110111010 
0111111111111101 
1000000000110001 
1000000000101111 
1000000000010010 
0111111111110100 
0111111111101100 
0111111111100010 
0111111111000110 
0111111111000010 
0111111111110111 
1000000001000110 
1000000001101110 
1000000000111000 
0111111111010000 
0111111110001110 
0111111110011111 
0111111111111011 
1000000001010011 
1000000001101000 
1000000001000011 
0111111111111010 
0111111110101011 
0111111110001000 
0111111111010011 
1000000001000101 
1000000001111100 
1000000001001000 
0111111111100101 
0111111110101010 
0111111110101000 
0111111111001001 
0111111111110100 
1000000000101001 
1000000001010100 
1000000001001000 
1000000000010000 
0111111111010100 
0111111110111000 
0111111111000101 
0111111111100000 
1000000000000101 
1000000000001011 
0111111111111111 
0111111111111001 
0111111111111011 
1000000000010010 
1000000000101000 
1000000000010011 
0111111111011011 
0111111110111000 
0111111111010010 
1000000000010011 
1000000001010011 
1000000001001100 
0111111111111100 
0111111110101100 
0111111110101100 
1000000000000101 
1000000001101101 
1000000001111111 
1000000000101100 
0111111110100111 
0111111101001111 
0111111101100010 
0111111111110011 
1000000010111010 
1000000100101000 
1000000011010101 
0111111111001010 
0111111011001001 
0111111010111110 
0111111110100000 
1000000010000111 
1000000010111010 
1000000001010100 
1000000000000100 
1000000000010100 
1000000000100011 
0111111111010000 
0111111101111001 
0111111110011000 
1000000000011011 
1000000001011010 
1000000000010000 
0111111111000100 
1000000000001001 
1000000010000010 
1000000001101111 
0111111111010001 
0111111101011010 
0111111110000000 
1000000000000001 
1000000001000011 
1000000000111100 
1000000000001110 
1000000000001111 
0111111111110111 
0111111111110001 
1000000000000100 
1000000000001110 
0111111111110100 
0111111111011110 
0111111111111010 
1000000000100010 
1000000000001110 
0111111111011110 
0111111111011111 
1000000000011011 
1000000001000000 
1000000000101111 
0111111111110010 
0111111111100100 
0111111111111000 
0111111111110110 
0111111111000100 
0111111110011100 
0111111111011001 
1000000001010100 
1000000010001101 
1000000000111011 
0111111110101101 
0111111101101010 
0111111110100011 
1000000000110001 
1000000010001001 
1000000001010100 
0111111111010010 
0111111110010001 
0111111111011010 
1000000001010011 
1000000001101000 
0111111111101000 
0111111101011100 
0111111110001100 
1000000001010111 
1000000011110000 
1000000010110110 
0111111111000111 
0111111100011111 
0111111101011110 
1000000000010101 
1000000001110110 
1000000001011110 
1000000000011101 
0111111111101111 
0111111110111101 
0111111110100001 
0111111111001000 
1000000000011011 
1000000000110001 
0111111111111010 
0111111111000000 
0111111111010000 
1000000000101001 
1000000010000110 
1000000010000010 
1000000000010110 
0111111110000101 
0111111100111010 
0111111110000011 
1000000000101010 
1000000010101011 
1000000010011100 
1000000000100110 
0111111110110101 
0111111110000100 
0111111110110001 
1000000000010100 
1000000001010010 
1000000000110000 
0111111111110010 
0111111111101010 
1000000000001010 
1000000000010011 
0111111111101110 
0111111110101110 
0111111110111001 
1000000000001010 
1000000001101001 
1000000010000110 
1000000000101101 
0111111110110010 
0111111101110101 
0111111110010011 
0111111111111011 
1000000001101100 
1000000011001110 
1000000010101100 
0111111111101110 
0111111100010010 
0111111011101101 
0111111110101010 
1000000010010110 
1000000011111001 
1000000011000100 
1000000000001001 
0111111101011110 
0111111100011010 
0111111101001011 
0111111111100010 
1000000010000011 
1000000010101110 
1000000001001111 
0111111111011010 
0111111111000110 
0111111111100001 
1000000000000011 
0111111111110110 
0111111111110111 
1000000000100101 
1000000000111001 
1000000000001000 
0111111110100011 
0111111110000010 
0111111111001010 
1000000001000011 
1000000010011111 
1000000010001111 
1000000000010001 
0111111110010111 
0111111101011000 
0111111110100000 
1000000001000100 
1000000010010100 
1000000000111111 
0111111110100101 
0111111101100100 
0111111111001101 
1000000001110111 
1000000010011011 
1000000000010000 
0111111101110111 
0111111101111101 
1000000000000010 
1000000010001101 
1000000010100000 
1000000000100001 
0111111101110110 
0111111100110101 
0111111110101111 
1000000010000001 
1000000011110000 
1000000010100010 
0111111111010101 
0111111100101101 
0111111100010010 
0111111110111011 
1000000010110010 
1000000100101000 
1000000010101011 
0111111110100011 
0111111011110001 
0111111100010010 
0111111111100101 
1000000010101110 
1000000011010100 
1000000001101011 
0111111111101101 
0111111110011110 
0111111101101011 
0111111101010111 
0111111110111001 
1000000001110011 
1000000011101110 
1000000010001000 
0111111110010011 
0111111100110111 
0111111111101111 
1000000011010100 
1000000011100011 
0111111111010111 
0111111010111011 
0111111010100110 
0111111111000100 
1000000100100110 
1000000111001011 
1000000100110100 
0111111110110111 
0111111001010111 
0111111000011001 
0111111100101000 
1000000010100011 
1000000101001010 
1000000011010110 
1000000000101100 
0111111111110010 
0111111111111011 
0111111111101100 
0111111110001101 
0111111101000110 
0111111101100110 
0111111111101000 
1000000010000101 
1000000011101100 
1000000011001100 
1000000000001110 
0111111101001100 
0111111100011101 
0111111101110010 
0111111111111100 
1000000001010011 
1000000001011011 
1000000001001111 
1000000000010001 
0111111111010111 
0111111111100010 
1000000000010100 
1000000000100010 
0111111111101110 
0111111111010001 
0111111111011001 
1000000000001001 
1000000000110101 
1000000000110110 
0111111111111001 
0111111111010111 
1000000000001000 
1000000001010100 
1000000000011100 
0111111101110010 
0111111100010010 
0111111110000100 
1000000001100110 
1000000011110110 
1000000010100100 
0111111110110010 
0111111100000000 
0111111100110010 
1000000000001101 
1000000011011001 
1000000011100011 
1000000000111100 
0111111110011001 
0111111101110000 
0111111110010000 
0111111110110101 
1000000000010001 
1000000010000100 
1000000010011010 
1000000000011001 
0111111101100110 
0111111100110010 
0111111110001001 
1000000000101000 
1000000010000011 
1000000010010110 
1000000001111001 
1000000000011110 
0111111110010001 
0111111100011110 
0111111100011010 
0111111110001001 
1000000000101101 
1000000010110001 
1000000011100101 
1000000010101001 
1000000000000000 
0111111101001110 
0111111100000011 
0111111101110110 
1000000000111100 
1000000010101100 
1000000010010010 
1000000000101111 
0111111111101001 
0111111110110101 
0111111101100000 
0111111100011111 
0111111101010000 
1000000000100100 
1000000100011101 
1000000101100101 
1000000010110011 
0111111101111110 
0111111010111000 
0111111011101110 
0111111111000100 
1000000010000000 
1000000010110001 
1000000010000000 
1000000000001010 
0111111110110001 
0111111110011101 
0111111111011111 
1000000000101100 
1000000001010110 
1000000001010011 
0111111111111110 
0111111110101001 
0111111101100101 
0111111101010010 
0111111110010000 
1000000000011110 
1000000010101110 
1000000011000011 
1000000001101010 
0111111111110000 
0111111111000001 
0111111111010000 
0111111111111101 
1000000000000101 
0111111111110010 
0111111111011000 
0111111111000000 
0111111110101110 
0111111111000001 
1000000001000100 
1000000010110100 
1000000010001000 
0111111110111001 
0111111100010000 
0111111100110100 
1000000000000000 
1000000010001100 
1000000001110001 
0111111111110001 
0111111110110001 
0111111110111000 
0111111111100111 
0111111111111011 
1000000000000011 
1000000000101001 
1000000001011001 
1000000010001010 
1000000001011111 
0111111110110110 
0111111100001110 
0111111011111110 
0111111110100001 
1000000001101110 
1000000011110100 
1000000011010111 
1000000000100001 
0111111101001111 
0111111011110011 
0111111101010110 
1000000000110011 
1000000010100110 
1000000001010110 
0111111111101100 
1000000000001011 
1000000001111010 
1000000001111000 
0111111111010100 
0111111100110101 
0111111100101110 
0111111111001110 
1000000010001011 
1000000100001011 
1000000011101101 
1000000000110100 
0111111101000100 
0111111011100001 
0111111110001001 
1000000010100011 
1000000100110011 
1000000011010111 
1000000000011010 
0111111110010010 
0111111110010101 
0111111111110010 
1000000000110110 
1000000001000001 
1000000000000010 
0111111111001100 
0111111111010100 
1000000000001101 
1000000001101101 
1000000010111111 
1000000010100101 
1000000000010011 
0111111101110001 
0111111100111111 
0111111110110101 
1000000001010100 
1000000001111010 
1000000000110100 
1000000000000111 
1000000001001001 
1000000010110001 
1000000011000111 
1000000001001111 
0111111101011111 
0111111010011010 
0111111011101001 
1000000000111101 
1000000111000100 
1000001000111001 
1000000011111000 
0111111100000101 
0111110111011010 
0111111001001110 
0111111111101011 
1000000101001111 
1000000110010111 
1000000011010101 
0111111111011000 
0111111101101001 
0111111110110000 
1000000001000010 
1000000010011000 
1000000010000011 
1000000000010010 
0111111101101001 
0111111011100111 
0111111101000001 
1000000001111011 
1000000110111011 
1000000111100000 
1000000010000011 
0111111010110100 
0111110111111000 
0111111011101000 
1000000010101000 
1000000110110100 
1000000101001100 
1000000001000100 
0111111110011101 
0111111101110011 
0111111101110001 
0111111101101100 
0111111111001011 
1000000010100111 
1000000101000100 
1000000010110101 
0111111101011111 
0111111010101100 
0111111101100011 
1000000011001101 
1000000101011000 
1000000010010111 
0111111101100110 
0111111011100111 
0111111101000011 
1000000000101110 
1000000011010100 
1000000011001101 
1000000000100010 
0111111101011010 
0111111100111010 
0111111111011000 
1000000010101100 
1000000100000111 
1000000011001011 
1000000000100000 
0111111101100101 
0111111011011011 
0111111011110000 
0111111111100101 
1000000011110100 
1000000011111110 
1000000000010100 
0111111101100110 
0111111111100100 
1000000011010011 
1000000011010000 
0111111110110011 
0111111011001110 
0111111100011111 
1000000000101001 
1000000010101010 
1000000000110011 
0111111101111011 
0111111110001100 
1000000001010100 
1000000011101101 
1000000010111110 
1000000000010000 
0111111110010011 
0111111101011001 
0111111101000100 
0111111101001011 
0111111111001100 
1000000010101000 
1000000100011100 
1000000010001110 
0111111101110011 
0111111011101001 
0111111101111001 
1000000001011010 
1000000010100000 
1000000000110001 
0111111111001001 
0111111111101011 
1000000000110111 
1000000000111011 
0111111111111010 
0111111110111001 
0111111110011101 
0111111110110011 
0111111111101001 
1000000000101111 
1000000001010100 
1000000001001001 
1000000000010110 
0111111111011011 
0111111111000010 
0111111110110100 
0111111110100100 
0111111110110100 
1000000000111111 
1000000011110011 
1000000011111001 
0111111111101010 
0111111010010110 
0111111001001110 
0111111101101011 
1000000011111110 
1000000111010100 
1000000100111001 
0111111111001100 
0111111010100110 
0111111001100111 
0111111100110000 
1000000001111100 
1000000101101100 
1000000101001101 
1000000001000101 
0111111101000001 
0111111011110100 
0111111101011000 
0111111111101000 
1000000000101101 
1000000000110010 
1000000001010110 
1000000010011100 
1000000010011010 
1000000000000000 
0111111100111000 
0111111011111101 
0111111110100111 
1000000010011100 
1000000011100001 
1000000001001000 
0111111101111100 
0111111101010000 
0111111111001111 
1000000001000111 
1000000000100101 
0111111111001001 
0111111111101000 
1000000010000110 
1000000011100100 
1000000001001100 
0111111100110010 
0111111010100000 
0111111100100110 
1000000000110100 
1000000011011010 
1000000011010011 
1000000001100110 
0111111111100001 
0111111101110000 
0111111100111011 
0111111110110110 
1000000011001011 
1000000101101001 
1000000010101001 
0111111100001000 
0111111000110111 
0111111100100000 
1000000010110111 
1000000101011001 
1000000010100011 
0111111110000010 
0111111100101000 
0111111110110000 
1000000001001111 
1000000010000000 
1000000001111100 
1000000010001000 
1000000001001100 
0111111101111011 
0111111010010001 
0111111010000000 
0111111111000110 
1000000101110110 
1000000111110100 
1000000010111010 
0111111011011101 
0111111000101010 
0111111101010100 
1000000100110001 
1000001000010100 
1000000101010011 
0111111101110011 
0111110111110011 
0111111000000100 
0111111101111110 
1000000101010110 
1000001000101011 
1000000101110100 
0111111111001001 
0111111001110110 
0111111001011000 
0111111101100011 
1000000010111111 
1000000110000100 
1000000100110001 
1000000000111001 
0111111101111010 
0111111101011000 
0111111110000100 
0111111110110110 
0111111110111111 
0111111111001011 
1000000000010110 
1000000001110011 
1000000010100010 
1000000001111110 
1000000000110001 
0111111111110000 
0111111111001000 
0111111110101000 
0111111110011100 
0111111111100110 
1000000001010110 
1000000001101110 
0111111111110000 
0111111101100101 
0111111101110111 
1000000000100101 
1000000011101011 
1000000100001001 
1000000001011100 
0111111101010110 
0111111010101100 
0111111011011000 
0111111111001010 
1000000011111010 
1000000110100010 
1000000101000100 
0111111111111110 
0111111010100110 
0111111001010011 
0111111101001001 
1000000010100001 
1000000100110110 
1000000011010100 
1000000000100101 
0111111111001010 
0111111111000101 
0111111110101111 
0111111110010010 
0111111111001101 
1000000001111010 
1000000100000010 
1000000010101101 
0111111110110011 
0111111011111111 
0111111100110001 
0111111111001010 
1000000000011000 
0111111111110111 
0111111111100110 
1000000000110100 
1000000010100001 
1000000010110011 
1000000001001111 
0111111111000111 
0111111110010001 
0111111111001000 
1000000000010101 
1000000000100000 
0111111111111001 
0111111111001000 
0111111111100100 
1000000000101011 
1000000001101010 
1000000010000000 
1000000001010000 
1000000000011111 
0111111111111101 
0111111111010011 
0111111110010010 
0111111110000100 
0111111111111000 
1000000010101101 
1000000011100110 
1000000001110100 
0111111110110111 
0111111101100101 
0111111111001101 
1000000001100110 
1000000010001001 
1000000000101000 
0111111110101100 
0111111101101111 
0111111110100001 
1000000000010111 
1000000010001110 
1000000010001101 
1000000000010000 
0111111110010010 
0111111110011011 
1000000000101010 
1000000010100111 
1000000011000110 
1000000010001111 
1000000000101111 
0111111110101110 
0111111100100011 
0111111011110110 
0111111110100110 
1000000011110100 
1000000111010011 
1000000101101101 
0111111111111101 
0111111011110000 
0111111100010100 
0111111111010011 
1000000001010100 
1000000001101101 
1000000001111101 
1000000010010001 
1000000001001001 
0111111110101001 
0111111101000001 
0111111110100110 
1000000001110110 
1000000011010010 
1000000001101011 
0111111111001111 
0111111110011101 
0111111111110001 
1000000001011111 
1000000010010100 
1000000001111001 
1000000000110010 
0111111111001100 
0111111101100101 
0111111101101000 
0111111111111101 
1000000010111111 
1000000100000010 
1000000001101001 
0111111110010011 
0111111100111101 
0111111110001110 
1000000000010110 
1000000001010101 
1000000001001100 
1000000001010111 
1000000001110101 
1000000001010001 
0111111110110111 
0111111100010101 
0111111100010010 
0111111111010101 
1000000010110111 
1000000100000011 
1000000010010101 
0111111111100101 
0111111110000011 
0111111110010101 
0111111111011111 
0111111111111111 
0111111111101110 
0111111111100010 
0111111111101100 
1000000000100101 
1000000001110100 
1000000010110000 
1000000010101110 
1000000000110100 
0111111101010001 
0111111001011101 
0111111001011011 
0111111110011111 
1000000101111101 
1000001010011110 
1000001000110000 
1000000001100001 
0111111001101011 
0111110110011101 
0111111001010011 
0111111111100000 
1000000100111111 
1000000111010100 
1000000101110100 
1000000001100100 
0111111100100101 
0111111001011000 
0111111010001100 
0111111110110110 
1000000100001110 
1000000101110101 
1000000011010110 
1000000000010101 
0111111111111100 
1000000001110000 
1000000010000001 
0111111110111001 
0111111010111111 
0111111010101011 
0111111110101000 
1000000100000010 
1000000110111011 
1000000101111001 
1000000010000011 
0111111101101000 
0111111010101110 
0111111011000011 
0111111110111100 
1000000100110110 
1000001000100101 
1000000110011000 
0111111110101010 
0111110111010101 
0111110110101000 
0111111110000000 
1000000111011000 
1000001010111101 
1000000110101101 
0111111111110100 
0111111100001010 
0111111100101111 
0111111101111100 
0111111101100011 
0111111101001011 
0111111111101100 
1000000100010010 
1000000111010110 
1000000101101001 
1000000000110001 
0111111100111001 
0111111100010001 
0111111110000111 
1000000000011000 
1000000001111000 
1000000010101001 
1000000010101111 
1000000010000010 
1000000000110110 
0111111111111110 
0111111111111000 
1000000000011010 
1000000000011101 
0111111110111110 
0111111101101000 
0111111110010010 
1000000000111111 
1000000011010010 
1000000011010011 
1000000001011110 
0111111111110111 
0111111111111001 
1000000000011010 
0111111111111010 
0111111110010100 
0111111101100100 
0111111111000111 
1000000001110000 
1000000011000101 
1000000001111110 
0111111111110101 
0111111111001110 
1000000000111110 
1000000010111110 
1000000010111011 
1000000000100000 
0111111101010101 
0111111011110101 
0111111101000011 
0111111111100000 
1000000001011101 
1000000010001011 
1000000010100000 
1000000011001110 
1000000011000100 
1000000000111100 
0111111101100010 
0111111010100110 
0111111010000100 
0111111101001001 
1000000010100110 
1000000111010111 
1000001000000101 
1000000011101000 
0111111100111101 
0111111000100011 
0111111001010010 
0111111110110011 
1000000100101101 
1000000110010101 
1000000010100110 
0111111100111011 
0111111010110011 
0111111110010101 
1000000100110001 
1000000111001011 
1000000010100111 
0111111010100111 
0111110110101110 
0111111010100111 
1000000011000001 
1000001000110100 
1000000111011100 
1000000000110010 
0111111010101110 
0111111001000111 
0111111011110110 
1000000000100011 
1000000011111001 
1000000100000011 
1000000001101011 
0111111110101001 
0111111101001000 
0111111110001000 
1000000000110011 
1000000010111110 
1000000011001101 
1000000001011001 
0111111111010000 
0111111101101111 
0111111101011100 
0111111110001011 
1000000000000011 
1000000010011110 
1000000011110010 
1000000010100001 
0111111110110010 
0111111011010111 
0111111010111001 
0111111101111111 
1000000011000101 
1000000110110100 
1000000110110001 
1000000011011011 
0111111111000011 
0111111011101101 
0111111010111111 
0111111100110110 
0111111111110110 
1000000010110000 
1000000100010101 
1000000011110010 
1000000001001101 
0111111110000111 
0111111100100110 
0111111110110100 
1000000011111010 
1000000111100101 
1000000101101111 
0111111111100100 
0111111010010100 
0111111010000011 
0111111101111011 
1000000001110000 
1000000010100100 
1000000001010111 
1000000001000101 
1000000010101001 
1000000100001101 
1000000011011100 
1000000000000101 
0111111101001000 
0111111101011001 
1000000000011110 
1000000011011110 
1000000011000010 
0111111111100000 
0111111100001011 
0111111100100110 
1000000001010001 
1000000110011010 
1000000111111000 
1000000100101001 
0111111111100111 
0111111101100100 
0111111110110000 
1000000000100000 
0111111111111010 
0111111101101011 
0111111100111111 
0111111111101100 
1000000100001110 
1000000111010111 
1000000110111011 
1000000011101101 
0111111111111010 
0111111101000001 
0111111011011100 
0111111011101000 
0111111110000001 
1000000001110011 
1000000100111000 
1000000110001100 
1000000101110011 
1000000100010000 
1000000001111101 
0111111111000000 
0111111011111100 
0111111010001000 
0111111010110101 
0111111110011100 
1000000011100001 
1000000111110000 
1000001001001111 
1000000110110010 
1000000000111100 
0111111010011110 
0111110111101110 
0111111010110010 
1000000001010110 
1000000110100011 
1000000111000000 
1000000011010111 
0111111111101111 
0111111111011110 
1000000001101101 
1000000010110111 
1000000000101000 
0111111101000011 
0111111011001101 
0111111100010100 
0111111111000001 
1000000001100111 
1000000011101010 
1000000101001001 
1000000101110110 
1000000100110000 
1000000001010110 
0111111100110001 
0111111001100000 
0111111001100000 
0111111100111010 
1000000010000100 
1000000110100101 
1000001000100101 
1000000110111001 
1000000001111110 
0111111100101100 
0111111001111100 
0111111010101011 
0111111101011100 
1000000000001011 
1000000001100100 
1000000001110001 
1000000001001111 
1000000000011010 
1000000000000000 
1000000000001111 
1000000001000110 
1000000001011011 
0111111111111110 
0111111101100100 
0111111011111110 
0111111101000000 
1000000000100110 
1000000100110001 
1000000110111000 
1000000101000100 
1000000000100010 
0111111011101110 
0111111001110010 
0111111011101110 
1000000000001010 
1000000011111101 
1000000100111111 
1000000011100111 
1000000001110110 
1000000000111001 
0111111111111001 
0111111110000001 
0111111100011001 
0111111100101011 
0111111111001100 
1000000010000000 
1000000011000101 
1000000010011010 
1000000001000111 
1000000000100011 
1000000000101111 
1000000001000011 
1000000001010010 
1000000000111001 
0111111111101110 
0111111101110110 
0111111100101000 
0111111101111010 
1000000001111100 
1000000101110011 
1000000110011010 
1000000011001110 
0111111110011011 
0111111011000010 
0111111010010111 
0111111100101010 
1000000000101100 
1000000100001101 
1000000101111010 
1000000101010101 
1000000010100000 
0111111110011010 
0111111011101110 
0111111100000000 
0111111110101010 
1000000000111100 
1000000001011001 
1000000000111000 
1000000001010101 
1000000011001001 
1000000100001001 
1000000010011010 
0111111110010100 
0111111011000101 
0111111011011010 
0111111110101010 
1000000010011111 
1000000100101000 
1000000100111010 
1000000011011111 
1000000000100111 
0111111100111101 
0111111010010110 
0111111010100001 
0111111110010010 
1000000011110111 
1000000111100010 
1000000110110100 
1000000010011011 
0111111101011011 
0111111011010111 
0111111100110110 
1000000000001011 
1000000010010101 
1000000001101111 
0111111111010111 
0111111101011001 
0111111101111101 
1000000000111111 
1000000100001110 
1000000101000110 
1000000010110110 
0111111111001001 
0111111101000100 
0111111101101101 
0111111111100100 
1000000000111011 
1000000001000000 
1000000001001100 
1000000010100001 
1000000011010110 
1000000001011000 
0111111101110001 
0111111011100100 
0111111101010011 
1000000001110010 
1000000100110110 
1000000011100001 
0111111111100001 
0111111100101001 
0111111101000010 
0111111111010101 
1000000010011001 
1000000100100011 
1000000100110101 
1000000010101111 
0111111110101110 
0111111011000011 
0111111010100110 
0111111110010000 
1000000011101001 
1000000110100111 
1000000101101010 
1000000001110100 
0111111101110100 
0111111011100100 
0111111011111101 
0111111110101100 
1000000001110011 
1000000011100011 
1000000010101000 
1000000000000000 
0111111110010001 
0111111111000111 
1000000001010101 
1000000010101111 
1000000010011000 
1000000001000101 
0111111111101010 
0111111110100010 
0111111101110000 
0111111110000111 
0111111111111011 
1000000010010000 
1000000011101011 
1000000010111110 
1000000000111010 
0111111110111000 
0111111110010001 
0111111111000100 
1000000000001101 
1000000001011100 
1000000010011010 
1000000010011010 
1000000001011110 
1000000000000000 
0111111110110011 
0111111110110010 
0111111111110110 
1000000001011000 
1000000010100110 
1000000010111011 
1000000001111101 
1000000000000111 
0111111110100110 
0111111110010101 
0111111111101000 
1000000001001011 
1000000001111000 
1000000001111100 
1000000001011010 
1000000000011100 
0111111111010101 
0111111110100010 
0111111110111010 
1000000000101100 
1000000010011011 
1000000010011111 
1000000001000000 
0111111111010101 
0111111111011111 
1000000001001011 
1000000010101001 
1000000010010111 
1000000000001010 
0111111101100011 
0111111100101111 
0111111110101001 
1000000010000101 
1000000100011001 
1000000100000101 
1000000001100111 
0111111110101011 
0111111100101110 
0111111100010000 
0111111101100101 
1000000000001111 
1000000011010011 
1000000101011100 
1000000101000010 
1000000001011110 
0111111100101110 
0111111010011011 
0111111100101101 
1000000001011100 
1000000100110110 
1000000100111011 
1000000010001111 
0111111111001011 
0111111101101001 
0111111110000010 
0111111111010010 
1000000001000010 
1000000010101001 
1000000011001101 
1000000001100001 
0111111110001111 
0111111011101001 
0111111011111010 
0111111111000101 
1000000011000110 
1000000101000010 
1000000011100001 
1000000000000001 
0111111101100110 
0111111101010101 
0111111110111011 
1000000001001000 
1000000010110011 
1000000011011110 
1000000010010100 
0111111111100011 
0111111100110110 
0111111100011101 
0111111110101110 
1000000010101100 
1000000101010011 
1000000100100010 
1000000000111110 
0111111101001100 
0111111011101011 
0111111100110101 
0111111111111001 
1000000011000010 
1000000100111001 
1000000100101001 
1000000001110010 
0111111101011101 
0111111001101111 
0111111001101100 
0111111110000010 
1000000100001011 
1000001000010010 
1000000111111111 
1000000011100011 
0111111101010001 
0111111000101010 
0111110111111011 
0111111010111110 
1000000000001111 
1000000101010011 
1000001000000101 
1000000111001010 
1000000011010111 
0111111110100001 
0111111010110110 
0111111010011000 
0111111100111110 
1000000000100110 
1000000011001000 
1000000011101110 
1000000010100100 
1000000001010010 
1000000000101001 
1000000000011101 
0111111111111011 
0111111110110001 
0111111101100101 
0111111101011110 
0111111111000000 
1000000001101011 
1000000011111010 
1000000100010010 
1000000010001011 
0111111110111011 
0111111100101010 
0111111100011101 
0111111110011001 
1000000000110100 
1000000010010110 
1000000010101001 
1000000010000001 
1000000000101001 
0111111111100100 
0111111111001110 
1000000000001100 
1000000001110011 
1000000010101011 
1000000010010010 
1000000000100111 
0111111110010101 
0111111100111001 
0111111100110111 
0111111110000001 
1000000000010001 
1000000011011010 
1000000101110001 
1000000110000001 
1000000011100000 
0111111111010010 
0111111011101110 
0111111010100110 
0111111100011000 
0111111111011101 
1000000010001010 
1000000011101010 
1000000011010110 
1000000001100100 
0111111111100100 
0111111110010100 
0111111110010001 
0111111111010111 
1000000000111011 
1000000001111000 
1000000010000010 
1000000001011011 
1000000000100010 
0111111111100111 
0111111111000011 
0111111111001000 
0111111111110111 
1000000000111000 
1000000001000001 
1000000000110000 
0111111111111011 
0111111111000100 
0111111111001100 
1000000000010111 
1000000001101101 
1000000001111110 
1000000001000101 
0111111111100100 
0111111110110110 
0111111111000101 
0111111111100001 
0111111111000000 
0111111101110110 
0111111101100001 
0111111110101010 
1000000000010101 
1000000001001110 
1000000001000010 
1000000000100111 
1000000000111010 
1000000001010000 
1000000000011100 
0111111110100111 
0111111101011101 
0111111110001100 
1000000000101100 
1000000010110101 
1000000011001010 
1000000001011100 
0111111110111010 
0111111101100000 
0111111110001010 
1000000000101010 
1000000011010000 
1000000100001101 
1000000010101001 
0111111111101011 
0111111101011110 
0111111101011001 
0111111111000010 
1000000000101010 
1000000000111011 
1000000000000100 
0111111111100101 
1000000000010011 
1000000001111110 
1000000011000000 
1000000010011110 
1000000000110110 
0111111110111111 
0111111101110001 
0111111101101011 
0111111110101000 
1000000000111001 
1000000011001001 
1000000100001000 
1000000010110101 
0111111111101100 
0111111100101110 
0111111100001000 
0111111110011011 
1000000001110101 
1000000011100100 
1000000010101010 
1000000000001110 
0111111110010100 
0111111110000001 
0111111111001010 
1000000000110110 
1000000010010101 
1000000010110011 
1000000010000111 
1000000000100000 
0111111110100001 
0111111101010011 
0111111101101011 
0111111111010111 
1000000001001110 
1000000001111100 
1000000001011000 
1000000000101001 
1000000000100001 
1000000001010010 
1000000001011000 
0111111111111000 
0111111101101100 
0111111100110100 
0111111110001111 
1000000001000001 
1000000011000000 
1000000010101001 
1000000000110000 
0111111111001111 
0111111111001011 
1000000000000100 
1000000000111111 
1000000001001101 
1000000000110011 
1000000000000100 
0111111111011000 
0111111111000001 
0111111111010011 
1000000000100101 
1000000001110000 
1000000010001001 
1000000001000110 
0111111110111101 
0111111101001110 
0111111101000000 
0111111110100111 
1000000000011111 
1000000001011110 
1000000001011000 
1000000000111000 
1000000000101000 
1000000000101001 
1000000000110010 
1000000000110100 
1000000000100001 
0111111111110011 
0111111110100101 
0111111101110010 
0111111110000110 
0111111111111000 
1000000010000111 
1000000011100100 
1000000010110011 
1000000000001100 
0111111101110010 
0111111101011100 
0111111111011010 
1000000010010000 
1000000011111010 
1000000010111101 
1000000000011000 
0111111101111000 
0111111100110101 
0111111101010110 
0111111110100001 
0111111111100110 
1000000000001011 
1000000000010110 
1000000000011101 
1000000000100001 
1000000000011100 
1000000000000100 
0111111110111111 
0111111101101001 
0111111101001000 
0111111110001101 
1000000000000100 
1000000001010011 
1000000000101100 
0111111111000100 
0111111110011000 
0111111111001010 
1000000000010100 
0111111111110011 
0111111100111111 
0111111001011101 
0111111000011100 
0111111100110010 
1000000110110000 
1000010011010000 
1000011011110010 
1000011001010011 
1000001000011101 
0111101110011001 
0111010111001001 
0111001111100000 
0111011101011111 
0111111011100011 
1000011011100000 
1000101110011011 
1000101100010100 
1000010111011011 
0111111001111010 
0111100001000010 
0111010111010001 
0111011111101111 
0111110100111111 
1000001011110110 
1000011010001010 
1000011011101101 
1000010010101010 
1000000101101011 
0111111011001011 
0111110101010011 
0111110011111011 
0111110101100011 
0111111000011100 
0111111011100001 
0111111110100110 
1000000001011100 
1000000100000101 
1000000110010001 
1000000111011010 
1000000110101110 
1000000011011101 
0111111110011001 
0111111001100001 
0111110111000010 
0111111000001111 
0111111101000010 
1000000010111100 
1000000110111101 
1000000111100001 
1000000100100110 
0111111111101111 
0111111011001110 
0111111000110100 
0111111001100110 
0111111100110101 
1000000000010110 
1000000010110110 
1000000100000101 
1000000100010010 
1000000011010111 
1000000001010010 
0111111110100001 
0111111011111011 
0111111010101111 
0111111011000111 
0111111100110111 
0111111111100111 
1000000010010111 
1000000100001001 
1000000100101111 
1000000011101011 
1000000000111000 
0111111101010110 
0111111010100000 
0111111001100001 
0111111011000111 
0111111110101100 
1000000010100101 
1000000100101001 
1000000100011110 
1000000010010111 
0111111111100100 
0111111110001000 
0111111110010001 
0111111111001111 
0111111111111011 
1000000000010000 
1000000000011001 
0111111111111111 
0111111111011001 
0111111110101011 
0111111110010000 
0111111110011010 
0111111111001011 
1000000000001111 
1000000000110011 
1000000000100011 
0111111111110111 
0111111111010010 
0111111111000011 
0111111110011110 
0111111101111001 
0111111110000001 
0111111111001001 
1000000000101001 
1000000001010100 
1000000000001100 
0111111110001011 
0111111101000011 
0111111101101111 
0111111111101010 
1000000001110001 
1000000010100000 
1000000001010000 
0111111111011001 
0111111110010001 
0111111110001111 
0111111110100110 
0111111110101101 
0111111110100001 
0111111110110110 
0111111111111110 
1000000001010101 
1000000010001111 
1000000010010000 
1000000001001110 
0111111111011110 
0111111101100111 
0111111100010101 
0111111100001011 
0111111101001111 
0111111111000110 
1000000000101000 
1000000001001010 
1000000000011111 
0111111111001000 
0111111110001000 
0111111101111101 
0111111110011111 
0111111111010000 
1000000000010010 
1000000001010001 
1000000001010010 
1000000000010001 
0111111110111011 
0111111101110011 
0111111101011001 
0111111101111001 
0111111111000000 
1000000000001001 
1000000000110100 
1000000000001010 
0111111110110100 
0111111101110001 
0111111110000001 
0111111111011010 
1000000000111100 
1000000001101011 
1000000001010110 
1000000000100101 
0111111111101110 
0111111111010000 
0111111111000100 
0111111111000100 
0111111111010001 
0111111111011110 
0111111111110010 
0111111111110111 
0111111111111110 
1000000000001001 
1000000000000111 
0111111111100110 
0111111111010100 
0111111111110101 
1000000000110100 
1000000001001111 
1000000000100100 
0111111111100011 
0111111111010100 
0111111111101110 
1000000000100001 
1000000000111001 
1000000000001110 
0111111110111000 
0111111110001000 
0111111101111001 
0111111110010111 
0111111111011010 
1000000000101010 
1000000001101110 
1000000010000110 
1000000001100100 
1000000000010110 
0111111110111110 
0111111110100000 
0111111110111011 
1000000000000001 
1000000001010100 
1000000010000100 
1000000001011110 
1000000000011011 
0111111111100100 
0111111111010011 
0111111111000101 
0111111110010101 
0111111101011010 
0111111101000101 
0111111101100010 
0111111110011111 
0111111111101111 
1000000000110011 
1000000001011100 
1000000001101001 
1000000001000111 
0111111111100110 
0111111101101100 
0111111100100011 
0111111101000011 
0111111110101101 
1000000000110000 
1000000010010001 
1000000010101111 
1000000010000100 
1000000000110010 
0111111111100111 
0111111111000000 
0111111111011111 
1000000000101010 
1000000001100111 
1000000010001111 
1000000010000100 
1000000001001000 
0111111111010100 
0111111101111101 
0111111101111010 
0111111110111011 
1000000000011000 
1000000001010011 
1000000001001000 
1000000000001101 
0111111111011011 
0111111111000000 
0111111111010101 
1000000000011011 
1000000001011101 
1000000001101110 
1000000000111111 
0111111111101000 
0111111110010101 
0111111101111110 
0111111110011100 
0111111111011010 
1000000000001111 
1000000000110000 
1000000001001010 
1000000001100011 
1000000001000100 
0111111111101010 
0111111110011000 
0111111110010000 
0111111111001111 
1000000000101101 
1000000001101101 
1000000001101011 
1000000000110000 
0111111111101011 
0111111110101111 
0111111110101100 
0111111111100001 
1000000000100001 
1000000001001110 
1000000001101001 
1000000001000011 
0111111111111000 
0111111110101011 
0111111101111010 
0111111110001101 
0111111111000111 
1000000000001010 
1000000000110001 
1000000000110101 
1000000000001101 
0111111111011001 
0111111111001100 
0111111111110000 
0111111111111100 
0111111111100110 
0111111111010100 
0111111111011100 
0111111111101011 
0111111111101110 
0111111111011100 
0111111110110011 
0111111110001101 
0111111110000101 
0111111110101110 
0111111111011100 
1000000000010010 
1000000000010110 
0111111111011111 
0111111110011110 
0111111110000111 
0111111110100100 
0111111111001001 
0111111111100111 
0111111111101101 
0111111111101000 
0111111111011110 
0111111111011000 
0111111111011010 
0111111111010110 
0111111110110000 
0111111110011101 
0111111110011110 
0111111110111000 
0111111111110110 
1000000000111110 
1000000001001110 
1000000000010101 
0111111110101001 
0111111101011000 
0111111100111000 
0111111101011100 
0111111110100010 
0111111111100110 
1000000000011100 
1000000000100110 
1000000000001100 
0111111111011010 
0111111110100111 
0111111101111101 
0111111101111100 
0111111110010111 
0111111110110100 
0111111111000000 
0111111111001000 
0111111111011011 
0111111111100101 
0111111111100101 
0111111111010001 
0111111110101010 
0111111110011010 
0111111110100000 
0111111110100111 
0111111111000001 
0111111111010010 
0111111111001101 
0111111111000011 
0111111110110101 
0111111110111101 
0111111111100000 
1000000000000000 
1000000000000011 
0111111111101111 
0111111111001010 
0111111110101110 
0111111110011010 
0111111110010111 
0111111110100111 
0111111111001001 
0111111111110100 
1000000000010000 
0111111111111110 
0111111111011111 
0111111111001010 
0111111111011010 
0111111111111000 
1000000000010101 
1000000000011010 
1000000000011010 
1000000000011001 
1000000000001001 
0111111111110100 
0111111111100010 
0111111111011100 
0111111111100110 
0111111111110100 
0111111111111001 
0111111111111101 
0111111111101101 
0111111111110101 
1000000000010100 
1000000001000101 
1000000001100111 
1000000001100100 
1000000000110010 
0111111111101000 
0111111110110101 
0111111110101011 
0111111111001101 
1000000000000000 
1000000000110001 
1000000001011111 
1000000001111100 
1000000001111110 
1000000001100011 
1000000000101111 
1000000000001011 
1000000000000100 
1000000000001100 
1000000000100011 
1000000000110111 
1000000001000110 
1000000000110010 
1000000000100000 
1000000000100100 
1000000000101110 
1000000001000010 
1000000001001001 
1000000001000101 
1000000000110110 
1000000000100110 
1000000000101100 
1000000000110011 
1000000000101010 
1000000000011101 
1000000000001111 
1000000000001000 
1000000000001010 
1000000000011001 
1000000000110001 
1000000001001000 
1000000001011001 
1000000001001111 
1000000000110111 
1000000000100110 
1000000000101101 
1000000001000011 
1000000001001001 
1000000000111110 
1000000000100000 
0111111111101011 
0111111111010101 
0111111111100001 
1000000000010010 
1000000001001111 
1000000001110010 
1000000010000101 
1000000001101011 
1000000000111011 
0111111111110100 
0111111110111001 
0111111110001011 
0111111110001100 
0111111111000110 
1000000000101111 
1000000001111110 
1000000010010010 
1000000001101101 
1000000000010100 
0111111110111100 
0111111110011110 
0111111111000010 
1000000000001001 
1000000001010001 
1000000001100101 
1000000000110011 
0111111111101000 
0111111110110010 
0111111110110000 
0111111111101010 
1000000000100000 
1000000000110011 
1000000000100000 
0111111111111110 
0111111111101010 
0111111111110010 
0111111111110111 
0111111111111101 
0111111111101010 
0111111111001101 
0111111111001000 
0111111111010011 
0111111111011000 
0111111111110000 
1000000000000011 
1000000000001111 
1000000000011101 
1000000000011110 
1000000000010110 
0111111111110111 
0111111111011101 
0111111111010010 
0111111111010101 
0111111111110000 
1000000000001011 
1000000000001101 
0111111111111000 
0111111111001111 
0111111111001101 
0111111111100100 
1000000000000101 
1000000000011001 
1000000000011001 
0111111111110110 
0111111111101010 
0111111111110110 
1000000000011100 
1000000000111010 
1000000000101010 
1000000000000101 
0111111111011100 
0111111110110101 
0111111110110011 
0111111111010000 
1000000000001100 
1000000000111100 
1000000001000110 
1000000000101010 
1000000000000011 
0111111111100001 
0111111111001101 
0111111111010111 
0111111111101100 
1000000000001100 
1000000000101111 
1000000001001101 
1000000001011001 
1000000001001100 
1000000000011001 
0111111111100000 
0111111110110101 
0111111110101010 
0111111111010100 
1000000000100000 
1000000001011100 
1000000001110010 
1000000001001111 
1000000000000100 
0111111111000001 
0111111110101010 
0111111111010010 
1000000000101010 
1000000001110101 
1000000010001000 
1000000001100010 
1000000000001010 
0111111111000001 
0111111110101110 
0111111111011101 
1000000000110110 
1000000010000100 
1000000010011100 
1000000001110110 
1000000000111000 
0111111111111010 
0111111111010101 
0111111111010000 
0111111111100011 
1000000000000110 
1000000000110110 
1000000001000000 
1000000000100010 
0111111111100110 
0111111110011010 
0111111101100110 
0111111101011011 
0111111110010000 
0111111111110101 
1000000001001000 
1000000001101001 
1000000001010001 
1000000000011001 
0111111111011000 
0111111110101111 
0111111110110001 
0111111111010100 
1000000000000101 
1000000001000100 
1000000001110001 
1000000010000000 
1000000010000100 
1000000010001111 
1000000010001010 
1000000001101110 
1000000001001010 
1000000000011000 
0111111111110110 
0111111111101100 
0111111111110110 
1000000000010001 
1000000000111011 
1000000001000001 
1000000000111001 
1000000000101110 
1000000000010111 
1000000000001101 
1000000000011011 
1000000000101011 
1000000000110111 
1000000000111010 
1000000000101110 
1000000000100001 
1000000000010110 
1000000000011000 
1000000000011010 
1000000000101001 
1000000000101010 
1000000000101100 
1000000000110000 
1000000000110110 
1000000000110110 
1000000000110001 
1000000000011011 
1000000000001010 
0111111111111110 
0111111111111100 
0111111111111111 
1000000000011010 
1000000000101100 
1000000000110000 
1000000000100101 
1000000000010111 
1000000000011101 
1000000000110001 
1000000001001011 
1000000001010100 
1000000001000100 
1000000000100100 
1000000000000011 
0111111111101111 
0111111111101110 
1000000000000100 
1000000000011001 
1000000000011001 
1000000000011100 
1000000000010100 
1000000000000100 
0111111111111110 
1000000000001000 
1000000000010111 
1000000000101010 
1000000000101101 
1000000000100000 
1000000000001101 
0111111111111001 
0111111111111110 
1000000000001011 
1000000000011011 
1000000000100011 
1000000000011111 
1000000000011011 
1000000000011111 
1000000000010000 
1000000000001000 
1000000000000000 
0111111111111000 
0111111111101001 
0111111111011101 
0111111111101110 
1000000000010111 
1000000000111111 
1000000001001101 
1000000001000001 
1000000000100100 
1000000000000001 
0111111111110010 
0111111111110101 
1000000000010001 
1000000000101000 
1000000000110000 
1000000000100100 
1000000000001011 
0111111111110010 
0111111111110011 
1000000000000000 
1000000000000111 
1000000000010000 
1000000000011001 
1000000000001111 
1000000000001000 
1000000000001010 
1000000000001110 
1000000000011010 
1000000000100100 
1000000000100000 
1000000000010101 
0111111111111001 
0111111111100101 
0111111111101011 
1000000000001101 
1000000000110110 
1000000001001000 
1000000001000011 
1000000000111001 
1000000000001101 
0111111111101000 
0111111111100111 
0111111111111100 
1000000000000101 
1000000000010010 
1000000000001111 
1000000000000001 
0111111111111110 
1000000000000000 
1000000000010001 
1000000000101010 
1000000000111000 
1000000000110011 
1000000000100100 
1000000000011010 
1000000000010110 
1000000000011011 
1000000000001011 
0111111111110111 
0111111111100101 
0111111111100101 
0111111111110000 
1000000000000000 
1000000000010100 
1000000000100001 
1000000000101110 
1000000000100111 
1000000000100111 
1000000000100101 
1000000000011111 
1000000000001011 
1000000000000111 
1000000000010101 
1000000000101000 
1000000000110110 
1000000000111101 
1000000000111001 
1000000000110010 
1000000000101000 
1000000000100010 
1000000000011010 
1000000000011110 
1000000000101111 
1000000001000101 
1000000000111001 
1000000000100100 
1000000000000100 
0111111111101110 
0111111111100001 
0111111111110001 
1000000000010110 
1000000000111100 
1000000001011010 
1000000001100101 
1000000001000110 
1000000000010000 
0111111111101001 
0111111111011100 
0111111111110010 
1000000000100001 
1000000001001011 
1000000001101100 
1000000001110001 
1000000001010000 
1000000000011001 
0111111111101110 
0111111111100101 
0111111111101100 
1000000000000001 
1000000000010001 
1000000000100110 
1000000000110100 
1000000000111000 
1000000000101110 
1000000000100111 
1000000000100101 
1000000000100000 
1000000000100100 
1000000000010110 
1000000000010000 
1000000000001101 
1000000000001100 
1000000000000110 
1000000000001010 
1000000000100001 
1000000000101010 
1000000000100001 
1000000000001100 
1000000000000001 
1000000000000001 
1000000000001101 
1000000000011101 
1000000000101111 
1000000000101111 
1000000000101010 
1000000000011111 
1000000000011100 
1000000000011101 
1000000000010101 
1000000000010001 
1000000000010010 
1000000000001101 
1000000000001101 
1000000000001100 
0111111111111101 
0111111111111001 
0111111111111110 
1000000000000001 
1000000000001111 
1000000000011010 
1000000000010011 
1000000000001111 
1000000000010110 
1000000000011000 
1000000000011000 
1000000000011111 
1000000000100000 
1000000000100000 
1000000000001011 
1000000000000110 
1000000000001100 
0111111111111011 
0111111111101001 
0111111111101001 
0111111111110110 
1000000000011000 
1000000000100100 
1000000000101000 
1000000000100010 
1000000000011010 
1000000000000111 
0111111111101101 
0111111111100011 
0111111111101010 
0111111111110100 
1000000000001100 
1000000000100001 
1000000000101010 
1000000000011110 
1000000000000000 
0111111111100101 
0111111111011001 
0111111111100110 
0111111111111100 
1000000000100000 
1000000000111110 
1000000001000110 
1000000000111000 
1000000000010111 
0111111111110101 
0111111111011111 
0111111111011110 
0111111111110100 
1000000000010101 
1000000000100110 
1000000000110000 
1000000000101000 
1000000000100101 
1000000000010111 
1000000000011010 
1000000000010011 
1000000000010001 
1000000000010100 
1000000000001011 
1000000000001001 
1000000000010100 
1000000000100101 
1000000000110100 
1000000000110100 
1000000000101110 
1000000000011110 
1000000000001101 
1000000000001010 
1000000000010100 
1000000000101011 
1000000000111001 
1000000000110011 
1000000000011100 
1000000000000110 
1000000000000101 
1000000000010100 
1000000000100000 
1000000000111001 
1000000000111111 
1000000000111101 
1000000000101001 
1000000000010111 
1000000000010010 
1000000000010000 
1000000000011010 
1000000000101101 
1000000000111111 
1000000000111110 
1000000000110000 
1000000000101111 
1000000000100110 
1000000000100000 
1000000000001001 
0111111111111001 
0111111111111100 
0111111111111110 
1000000000001100 
1000000000101000 
1000000001000000 
1000000001010101 
1000000001100011 
1000000001011010 
1000000001000100 
1000000000100110 
1000000000001011 
0111111111111000 
0111111111100011 
0111111111011000 
0111111111001001 
0111111111000100 
0111111111001100 
0111111111010111 
0111111111100101 
0111111111101001 
0111111111011001 
0111111111001101 
0111111110111110 
0111111110111111 
0111111111000011 
0111111111001100 
0111111111101010 
0111111111110101 
0111111111110101 
0111111111110110 
0111111111110110 
0111111111111011 
1000000000000100 
1000000000010101 
1000000000100011 
1000000000110000 
1000000000111100 
1000000000111110 
1000000001000100 
1000000000111110 
1000000000110010 
1000000000011101 
1000000000001010 
1000000000000101 
0111111111111001 
0111111111100110 
0111111111101010 
0111111111110101 
1000000000000100 
1000000000010000 
1000000000000101 
0111111111111011 
0111111111111011 
0111111111111001 
0111111111110001 
0111111111110001 
0111111111110011 
0111111111111110 
1000000000010010 
1000000000100011 
1000000000110011 
1000000000111100 
1000000000110001 
1000000000011000 
0111111111111011 
0111111111101110 
0111111111101011 
0111111111110000 
1000000000000010 
1000000000000110 
1000000000001011 
1000000000010001 
1000000000001100 
0111111111111111 
0111111111101100 
0111111111100000 
0111111111011000 
0111111111010101 
0111111111101010 
0111111111111011 
1000000000001011 
1000000000100011 
1000000000101011 
1000000000100100 
1000000000010011 
0111111111111111 
0111111111100110 
0111111111011110 
0111111111100000 
0111111111101000 
0111111111110110 
0111111111111110 
0111111111111011 
0111111111111001 
0111111111111101 
0111111111110111 
0111111111101110 
0111111111100101 
0111111111110000 
1000000000001001 
1000000000010101 
1000000000101010 
1000000000101010 
1000000000010000 
0111111111110100 
0111111111110011 
0111111111110110 
0111111111111001 
1000000000001011 
1000000000011000 
1000000000001000 
0111111111101010 
0111111111001100 
0111111110110001 
0111111110111001 
0111111110111101 
0111111011111000 
0111110100011101 
0111101011110011 
0111100011100011 
0111011001110101 
0111001001100100 
0110111111100111 
0111001011000100 
0111011101110111 
0111101001111001 
0111101110001010 
0111101111100010 
0111110001001110 
0111110011100000 
0111110110001100 
0111111000010111 
0111111001101110 
0111111010110001 
0111111011101000 
0111111100100011 
0111111101010010 
0111111101110000 
0111111110000111 
0111111110011000 
0111111110110010 
0111111111000101 
0111111111010000 
0111111111011010 
0111111111011000 
0111111111100111 
0111111111100111 
0111111111100110 
0111111111101111 
0111111111110000 
0111111111101111 
0111111111110010 
0111111111110010 
0111111111111101 
0111111111111001 
0111111111111100 
0111111111111001 
0111111111111010 
0111111111111100 
0111111111111001 
0111111111110101 
0111111111110101 
0111111111110110 
