0000000000010101 
0000000000100111 
0000000000101100 
0000000000100001 
0000000000010110 
0000000000111110 
0000000010001110 
0000000001111111 
0000000000101101 
0000000001110000 
0000000011110011 
0000000100111011 
0000000011110000 
0000000001101010 
0000000000010011 
0000000000110101 
0000000000101110 
0000000000011000 
0000000000000010 
0000000000001100 
0000000000001110 
0000000000001010 
0000000000010110 
0000000000010111 
0000000000100001 
0000000000101101 
0000000000100010 
0000000000001111 
0000000000001100 
0000000000011000 
0000000000101111 
0000000000110101 
0000000000110101 
0000000000101111 
0000000000110001 
0000000001000111 
0000000001011101 
0000000001011010 
0000000001000000 
0000000000010110 
0000000000101001 
0000000001010101 
0000000001010010 
0000000000100010 
0000000000100010 
0000000001000110 
0000000001000010 
0000000001000111 
0000000001110110 
0000000010001010 
0000000001110010 
0000000001001111 
0000000000110110 
0000000000011010 
0000000000001010 
0000000000101010 
0000000001010011 
0000000001011110 
0000000001000111 
0000000001000011 
0000000001011110 
0000000001100100 
0000000001010000 
0000000001001010 
0000000001011000 
0000000001001111 
0000000000110100 
0000000000011000 
0000000000010011 
0000000000110010 
0000000001011000 
0000000001100110 
0000000001000110 
0000000000010000 
0000000000001001 
0000000000001111 
0000000000100110 
0000000000101001 
0000000000101011 
0000000000100011 
0000000000001010 
0000000000101000 
0000000001000110 
0000000001001110 
0000000001000101 
0000000000111100 
0000000001000101 
0000000001011001 
0000000001010110 
0000000001001001 
0000000001010101 
0000000001100101 
0000000010000010 
0000000001111101 
0000000001010000 
0000000000101001 
0000000000111111 
0000000001011101 
0000000001101100 
0000000001110010 
0000000001110001 
0000000001100111 
0000000001011110 
0000000001001010 
0000000000011110 
0000000000011100 
0000000000101011 
0000000000101000 
0000000000100001 
0000000000011110 
0000000000110010 
0000000001001100 
0000000001101001 
0000000001101011 
0000000001010001 
0000000000101001 
0000000000010011 
0000000001010001 
0000000001111001 
0000000010000110 
0000000001110011 
0000000001011101 
0000000001100101 
0000000001010000 
0000000001001000 
0000000001100110 
0000000001101001 
0000000001000111 
0000000000101001 
0000000001001010 
0000000001011011 
0000000001000001 
0000000000011110 
0000000000101000 
0000000001001111 
0000000001101101 
0000000001111001 
0000000010000010 
0000000010001101 
0000000010000101 
0000000001101010 
0000000001011011 
0000000001100111 
0000000001111100 
0000000010000011 
0000000001110010 
0000000001010110 
0000000000111111 
0000000000110100 
0000000001100001 
0000000001110110 
0000000001000111 
0000000000110010 
0000000001111001 
0000000001111001 
0000000001001000 
0000000001101000 
0000000010001100 
0000000010000100 
0000000010001000 
0000000010101110 
0000000011000100 
0000000011010000 
0000000011101110 
0000000011101000 
0000000010011001 
0000000000110010 
0000000001101110 
0000000010001000 
0000000001110010 
0000000010000110 
0000000010010001 
0000000010000000 
0000000001110100 
0000000001101010 
0000000001000101 
0000000000001011 
0000000001010010 
0000000001110110 
0000000001101000 
0000000001010001 
0000000000111100 
0000000000101001 
0000000001000000 
0000000001010110 
0000000001011010 
0000000001000100 
0000000000010010 
0000000001001000 
0000000010001100 
0000000010100110 
0000000010100000 
0000000010010110 
0000000010001110 
0000000001111111 
0000000001101001 
0000000001001111 
0000000000100000 
0000000000110111 
0000000010010000 
0000000010100110 
0000000001100110 
0000000001100111 
0000000010111111 
0000000011010101 
0000000010100100 
0000000001000111 
0000000001011011 
0000000010110110 
0000000010111101 
0000000010010000 
0000000001110110 
0000000001011001 
0000000001000101 
0000000001101011 
0000000011100011 
0000000101101010 
0000000110011110 
0000000100110000 
0000000010110110 
0000000101011100 
0000000110101110 
0000000101101010 
0000000011111011 
0000000010100111 
0000000010001100 
0000000001101101 
0000000000101100 
0000000000011011 
0000000001001000 
0000000010100100 
0000000100011010 
0000000101011011 
0000000101010001 
0000000100011110 
0000000011101001 
0000000010110001 
0000000001111111 
0000000010000010 
0000000010100110 
0000000011001101 
0000000100101010 
0000000110100001 
0000000111001001 
0000000101111100 
0000000011111100 
0000000010110000 
0000000011001110 
0000000100111001 
0000000110100001 
0000000111011001 
0000000111001001 
0000000110000111 
0000000101000010 
0000000100000001 
0000000010101101 
0000000001001100 
0000000000101111 
0000000001011111 
0000000010010000 
0000000010110001 
0000000010101100 
0000000011000001 
0000000011101011 
0000000011100100 
0000000011000111 
0000000010100000 
0000000001110011 
0000000001100111 
0000000001110000 
0000000001100110 
0000000010110010 
0000000100100011 
0000000101010011 
0000000100111111 
0000000011111110 
0000000010010001 
0000000000101000 
0000000010000111 
0000000010011101 
0000000001011001 
0000000000100100 
0000000010000101 
0000000011011010 
0000000011011110 
0000000010100010 
0000000001110100 
0000000010010001 
0000000011011000 
0000000100000100 
0000000011111110 
0000000011100000 
0000000011000100 
0000000010100110 
0000000010000110 
0000000001100001 
0000000000111100 
0000000001011001 
0000000001000010 
0000000000011011 
0000000001010011 
0000000001000101 
0000000000100110 
0000000000110111 
0000000001100100 
0000000001111100 
0000000001110011 
0000000001010111 
0000000000110101 
0000000000011000 
0000000000101100 
0000000001100100 
0000000010110000 
0000000011011101 
0000000010111011 
0000000001111111 
0000000001010010 
0000000000111111 
0000000001111011 
0000000010010000 
0000000001101111 
0000000001000010 
0000000000101101 
0000000001001000 
0000000010000000 
0000000010111011 
0000000011000110 
0000000010010111 
0000000010010111 
0000000010101011 
0000000001100111 
0000000001001110 
0000000010100111 
0000000010110001 
0000000010001011 
0000000010000101 
0000000010100001 
0000000011010000 
0000000100111010 
0000000101110001 
0000000100100110 
0000000010000000 
0000000001010101 
0000000010111101 
0000000011001101 
0000000010010001 
0000000000111100 
0000000001100100 
0000000011100101 
0000000100111101 
0000000101000110 
0000000100011010 
0000000100011101 
0000000101000010 
0000000100001111 
0000000011000000 
0000000010100010 
0000000010001111 
0000000001110011 
0000000001000110 
0000000000100110 
0000000001100001 
0000000001000001 
0000000001001100 
0000000011110111 
0000000110010000 
0000000110100010 
0000000100110110 
0000000011111010 
0000000100100001 
0000000100100111 
0000000011111110 
0000000011100110 
0000000011101011 
0000000011011100 
0000000010111011 
0000000010100110 
0000000010000011 
0000000001010011 
0000000001100111 
0000000010110101 
0000000011111101 
0000000100101001 
0000000100110100 
0000000100011010 
0000000011111101 
0000000011111001 
0000000011000100 
0000000001011101 
0000000001011011 
0000000010100000 
0000000010110010 
0000000001101001 
0000000000111111 
0000000010101111 
0000000100010111 
0000000101011001 
0000000110100000 
0000000110111100 
0000000110001001 
0000000100010010 
0000000001111000 
0000000000101000 
0000000001101010 
0000000001101111 
0000000001001010 
0000000010000011 
0000000010110001 
0000000010101101 
0000000100000100 
0000000110010000 
0000000111000110 
0000000111011110 
0000000111111011 
0000000111100011 
0000000110110100 
0000000101110101 
0000000100100011 
0000000100001001 
0000000011111010 
0000000011011000 
0000000010110101 
0000000010101000 
0000000010100111 
0000000010100001 
0000000010011110 
0000000010010001 
0000000001001100 
0000000000101000 
0000000010001010 
0000000011000010 
0000000011001100 
0000000010100111 
0000000001000000 
0000000001100011 
0000000011111000 
0000000101100001 
0000000101101011 
0000000100011010 
0000000010101111 
0000000010000010 
0000000011010101 
0000000110000011 
0000001000110000 
0000001001100011 
0000000111000100 
0000000011110110 
0000000101100001 
0000000111100000 
0000001000001111 
0000001000111011 
0000001001101000 
0000001010100100 
0000001011101111 
0000001101000001 
0000001110100111 
0000001111110100 
0000010000001000 
0000010000100001 
0000010000101001 
0000001110010111 
0000001001000000 
0000000010011100 
0000000110111111 
0000001100110110 
0000001111111001 
0000010001011100 
0000010010001101 
0000010001110100 
0000010000000001 
0000001011110011 
0000000101111101 
0000000001101010 
0000000100011001 
0000000110000010 
0000000110100100 
0000000111011011 
0000001000100110 
0000001001001110 
0000001000110011 
0000000111110110 
0000000111010001 
0000000110011101 
0000000100111100 
0000000100110101 
0000000100110001 
0000000010111001 
0000000001100001 
0000000111101111 
0000001110001100 
0000010001100001 
0000010000111011 
0000001110010001 
0000001010101001 
0000001000000011 
0000000110011011 
0000000101000000 
0000000100110110 
0000000111110000 
0000001100100101 
0000010001000000 
0000010011111001 
0000010100010000 
0000010001000110 
0000001101110010 
0000001110110110 
0000010001100110 
0000010010011000 
0000010000010001 
0000001100010100 
0000001000011110 
0000000110001110 
0000000100111101 
0000000011001100 
0000000010110010 
0000000101001010 
0000000111001010 
0000000111010011 
0000000101010100 
0000000011001000 
0000000011100101 
0000000101110101 
0000001001010001 
0000001101000110 
0000010000001000 
0000010010000010 
0000010010010011 
0000010000010100 
0000001100010111 
0000001000010001 
0000000110001000 
0000000110001111 
0000000111000001 
0000001000000001 
0000001001110001 
0000001011111001 
0000001110000010 
0000010000001000 
0000010001100010 
0000010001110001 
0000010000110010 
0000010000010000 
0000010001001010 
0000010001100110 
0000010000100010 
0000001111010100 
0000001110100001 
0000001100101010 
0000001000110001 
0000000100101010 
0000000010100001 
0000000010111000 
0000000101000000 
0000000111100100 
0000001001110011 
0000001011100000 
0000001100011101 
0000001100011101 
0000001011110101 
0000001010111001 
0000001001100000 
0000000111100000 
0000000101001010 
0000000011001100 
0000000010000101 
0000000010001000 
0000000011001011 
0000000011111010 
0000000011110111 
0000000011010110 
0000000010100100 
0000000001110110 
0000000001011010 
0000000001101100 
0000000010001001 
0000000010000110 
0000000001101011 
0000000001000010 
0000000000011001 
0000000000011000 
0000000000111111 
0000000001101000 
0000000010010010 
0000000010110100 
0000000011000101 
0000000011010001 
0000000011011001 
0000000011010011 
0000000010111111 
0000000010010111 
0000000001101011 
0000000001001101 
0000000000111101 
0000000000110101 
0000000000110000 
0000000001000001 
0000000001011011 
0000000001100000 
0000000001000100 
0000000000100010 
0000000000111111 
0000000001100001 
0000000001110111 
0000000001111110 
0000000001110101 
0000000001100100 
0000000001001000 
0000000000101001 
0000000000010110 
0000000000011110 
0000000000110111 
0000000001001101 
0000000001011100 
0000000001101011 
0000000001110010 
0000000001110100 
0000000010001110 
0000000010101001 
0000000010101110 
0000000010110000 
0000000010110110 
0000000010110101 
0000000010100011 
0000000001111000 
0000000000111100 
0000000000100100 
0000000001000010 
0000000001001000 
0000000001001001 
0000000001010000 
0000000000111100 
0000000000110100 
0000000001100011 
0000000010001101 
0000000010110001 
0000000011000110 
0000000011001001 
0000000010101011 
0000000001110000 
0000000000101001 
0000000000111110 
0000000001011110 
0000000001011010 
0000000000111000 
0000000000011101 
0000000000100110 
0000000000111101 
0000000001001110 
0000000001011101 
0000000001101000 
0000000001110010 
0000000001110100 
0000000001100100 
0000000001000010 
0000000000100111 
0000000000010010 
0000000000010011 
0000000000110110 
0000000001001101 
0000000001010010 
0000000001001010 
0000000001000011 
0000000001000000 
0000000001000010 
0000000001000110 
0000000001000010 
0000000000111110 
0000000001000101 
0000000001010011 
0000000001100010 
0000000001110001 
0000000010001001 
0000000010000101 
0000000001101011 
0000000001011001 
0000000001011011 
0000000001101000 
0000000001100110 
0000000001100001 
0000000001010111 
0000000000111000 
0000000000011100 
0000000000110000 
0000000001001010 
0000000001001111 
0000000000111001 
0000000000011100 
0000000000101001 
0000000001001110 
0000000001100101 
0000000001101010 
0000000001101010 
0000000001101110 
0000000001110010 
0000000001101001 
0000000001100100 
0000000001001110 
0000000000110100 
0000000000100110 
0000000000011110 
0000000000010010 
0000000000001011 
0000000000001001 
0000000000001001 
0000000000001111 
0000000000010100 
0000000000100000 
0000000000111001 
0000000001010001 
0000000001100110 
0000000001110111 
0000000001111000 
0000000001101000 
0000000001001110 
0000000000101100 
0000000000001001 
0000000000010011 
0000000000011100 
0000000000011101 
0000000000010000 
0000000000010000 
0000000000100001 
0000000000100010 
0000000000101000 
0000000000101110 
0000000000110010 
0000000000100001 
0000000000010000 
0000000000001111 
0000000000011111 
0000000000101100 
0000000000101111 
0000000000101011 
0000000000101010 
0000000000101001 
0000000000100010 
0000000000011100 
0000000000011111 
0000000000100010 
0000000000100100 
0000000000100001 
0000000000100111 
0000000000100000 
0000000000010111 
0000000000011000 
0000000000011101 
0000000000011111 
0000000000100010 
0000000000011101 
0000000000011011 
0000000000011110 
0000000000011000 
0000000000100001 
0000000000101101 
0000000000111111 
0000000001001101 
0000000001001111 
0000000001010000 
0000000001001000 
0000000000111010 
0000000000101111 
0000000000101111 
0000000000101010 
0000000000100100 
0000000000101100 
0000000000100001 
0000000000010111 
0000000000100010 
0000000000011001 
0000000000001111 
0000000000001110 
0000000000010011 
0000000000011001 
0000000000100000 
0000000000100010 
0000000000011110 
0000000000011001 
0000000000010001 
0000000000010011 
0000000000011110 
0000000000100001 
0000000000100111 
0000000000101100 
0000000000101010 
0000000000100110 
0000000000101000 
0000000000100110 
0000000000100000 
0000000000011011 
0000000000010100 
0000000000010011 
0000000000010101 
0000000000001010 
0000000000010101 
0000000000100010 
0000000000100101 
0000000000100001 
0000000000011010 
0000000000001110 
0000000000010011 
0000000000011111 
0000000000100011 
0000000000101101 
0000000000110001 
0000000000101111 
0000000000110100 
0000000000110110 
0000000000101011 
0000000000101010 
0000000000101011 
0000000000100001 
0000000000010000 
0000000000001111 
0000000000001111 
0000000000000110 
0000000000001101 
0000000000010011 
0000000000010010 
0000000000011011 
0000000000011001 
0000000000010000 
0000000000001101 
0000000000001100 
0000000000001001 
0000000000000101 
0000000000001100 
0000000000010010 
0000000000011011 
0000000000100000 
0000000000100000 
0000000000011100 
0000000000001111 
0000000000001111 
0000000000001101 
0000000000000101 
0000000000001000 
0000000000010000 
0000000000010101 
0000000000001010 
0000000000001101 
0000000000010100 
0000000000011000 
0000000000011000 
0000000000010010 
0000000000010100 
0000000000011000 
0000000000010001 
0000000000001000 
0000000000000000 
0000000000001000 
0000000000001111 
0000000000010110 
0000000000011001 
0000000000010101 
0000000000010000 
0000000000001111 
0000000000001011 
0000000000001010 
0000000000010111 
0000000000010101 
0000000000001010 
0000000000001000 
0000000000000110 
0000000000001011 
0000000000001011 
0000000000001001 
0000000000010011 
0000000000001110 
0000000000010111 
0000000000011101 
0000000000011010 
0000000000100011 
0000000000101000 
0000000000100100 
0000000000100000 
0000000000100100 
0000000000101000 
0000000000100101 
0000000000100010 
0000000000011100 
0000000000100001 
0000000000101000 
0000000000011101 
0000000000010100 
0000000000011000 
0000000000001101 
0000000000001110 
0000000000010110 
0000000000011100 
0000000000011010 
0000000000010111 
0000000000010001 
0000000000001101 
0000000000001010 
0000000000000100 
0000000000000111 
0000000000000001 
0000000000000011 
0000000000000001 
0000000000000010 
0000000000000100 
0000000000001000 
0000000000001001 
0000000000001000 
0000000000000111 
0000000000010011 
0000000000011000 
0000000000010101 
0000000000010101 
0000000000010110 
0000000000010010 
0000000000001100 
0000000000001110 
0000000000001101 
0000000000001100 
0000000000001111 
0000000000010010 
0000000000010010 
0000000000001110 
0000000000001110 
0000000000010001 
0000000000001100 
0000000000001101 
0000000000010000 
0000000000010001 
0000000000001110 
0000000000010000 
0000000000001100 
0000000000001101 
0000000000010000 
0000000000001110 
0000000000001101 
0000000000001101 
0000000000001000 
0000000000000101 
0000000000001000 
0000000000000101 
0000000000000010 
0000000000000100 
0000000000000110 
0000000000000100 
0000000000001000 
0000000000000111 
0000000000000010 
0000000000000011 
0000000000001010 
0000000000001110 
0000000000010000 
0000000000010110 
0000000000010011 
0000000000001100 
0000000000010000 
0000000000001110 
0000000000001110 
0000000000010000 
0000000000000111 
0000000000001101 
0000000000010111 
0000000000010101 
0000000000001101 
0000000000001111 
0000000000010001 
0000000000001001 
0000000000000100 
0000000000000111 
0000000000000111 
0000000000000110 
0000000000000110 
0000000000001001 
0000000000001101 
0000000000001011 
0000000000001100 
0000000000010000 
0000000000010011 
0000000000001111 
0000000000000111 
0000000000001001 
0000000000001101 
0000000000001011 
0000000000001000 
0000000000000110 
0000000000000100 
0000000000000101 
0000000000000001 
0000000000000100 
0000000000000110 
0000000000000110 
0000000000000100 
0000000000000100 
0000000000000011 
0000000000000001 
0000000000000101 
0000000000000111 
0000000000001001 
0000000000000011 
0000000000000101 
0000000000010000 
0000000000101011 
0000000000110111 
0000000010000100 
0000000001011100 
0000000110110010 
0000001001010101 
0000000110000011 
0000000010011001 
0000000001001110 
0000000000001000 
0000000000000110 
0000000000000001 
0000000000000010 
0000000000000001 
0000000000000100 
0000000000000010 
0000000000000000 
0000000000000000 
0000000000000000 
0000000000000000 
0000000000000000 
0000000000000000 
0000000000000000 
0000000000000000 
0000000000000000 
0000000000000000 
0000000000000000 
