0000000000010010 
0000000000101001 
0000000000110111 
0000000000101111 
0000000000010000 
0000000000100000 
0000000001010001 
0000000000100011 
0000000001101000 
0000000011001000 
0000000110010111 
0000000110110001 
0000000110011101 
0000000101011110 
0000000010010010 
0000000000111010 
0000000000010011 
0000000000010100 
0000000000010010 
0000000000001010 
0000000000010000 
0000000000100110 
0000000000110100 
0000000000110101 
0000000000110110 
0000000001000111 
0000000001011001 
0000000001011010 
0000000001000110 
0000000001011000 
0000000001101010 
0000000001000101 
0000000000100001 
0000000000101111 
0000000000110010 
0000000000111110 
0000000000111011 
0000000000101101 
0000000000101111 
0000000000111110 
0000000001000110 
0000000001000011 
0000000000110111 
0000000000100100 
0000000000011101 
0000000000100010 
0000000000100101 
0000000000011000 
0000000000010111 
0000000000110001 
0000000001000111 
0000000001001010 
0000000001000011 
0000000000110110 
0000000000100011 
0000000000101001 
0000000001001010 
0000000001100011 
0000000001101100 
0000000001100011 
0000000001000011 
0000000000100100 
0000000000100101 
0000000000011110 
0000000000010001 
0000000000110111 
0000000001001010 
0000000000111110 
0000000000110111 
0000000001011001 
0000000010000010 
0000000010001100 
0000000001101001 
0000000000100011 
0000000000110000 
0000000001100010 
0000000001010001 
0000000000011010 
0000000000011000 
0000000000100101 
0000000000101100 
0000000000011011 
0000000000001011 
0000000000011101 
0000000000101010 
0000000000101100 
0000000000101111 
0000000000111111 
0000000001000110 
0000000000110011 
0000000000011110 
0000000000111101 
0000000001001011 
0000000001000011 
0000000001001001 
0000000001000111 
0000000000101101 
0000000000101100 
0000000001000100 
0000000001010011 
0000000001001101 
0000000000110001 
0000000000011000 
0000000000010101 
0000000000011010 
0000000000110010 
0000000001000000 
0000000000110101 
0000000000101101 
0000000000101010 
0000000000011000 
0000000000000110 
0000000000001001 
0000000000100001 
0000000000101100 
0000000000011100 
0000000000100001 
0000000000100100 
0000000000010110 
0000000000100110 
0000000000110011 
0000000000100101 
0000000000100100 
0000000001000111 
0000000001011001 
0000000001001110 
0000000000101001 
0000000000010111 
0000000000100010 
0000000000101001 
0000000000001101 
0000000000110101 
0000000001101000 
0000000001101000 
0000000001000100 
0000000000011000 
0000000000001100 
0000000000100101 
0000000000111110 
0000000001000011 
0000000000101100 
0000000000111010 
0000000001011110 
0000000001010111 
0000000000100111 
0000000001010110 
0000000010010110 
0000000010100000 
0000000010000001 
0000000001010110 
0000000000111011 
0000000001001000 
0000000001101011 
0000000010001010 
0000000010010000 
0000000001110110 
0000000001011110 
0000000001100110 
0000000001101111 
0000000001010111 
0000000000101110 
0000000001101010 
0000000010110000 
0000000011001110 
0000000010111111 
0000000010010001 
0000000010000111 
0000000010100011 
0000000010001101 
0000000001010101 
0000000001000110 
0000000001100101 
0000000010010001 
0000000010101100 
0000000010010111 
0000000001100110 
0000000001110101 
0000000010100001 
0000000010101000 
0000000010011000 
0000000010000100 
0000000000110110 
0000000001011000 
0000000011011110 
0000000100100010 
0000000100001110 
0000000010101000 
0000000000110100 
0000000001001100 
0000000001001000 
0000000000110111 
0000000001111111 
0000000010101111 
0000000010100001 
0000000010001011 
0000000010001100 
0000000010001001 
0000000010101011 
0000000011011101 
0000000011100011 
0000000010110010 
0000000001101000 
0000000000111000 
0000000001101011 
0000000010000001 
0000000001001010 
0000000000011011 
0000000001101111 
0000000010000110 
0000000010000001 
0000000001101110 
0000000000011110 
0000000001111100 
0000000011001000 
0000000011001101 
0000000010111000 
0000000010111101 
0000000011011010 
0000000011001001 
0000000001111001 
0000000001100000 
0000000010000111 
0000000010010101 
0000000010011001 
0000000010100101 
0000000010011111 
0000000010000111 
0000000001111101 
0000000010010111 
0000000011000001 
0000000011011011 
0000000011101101 
0000000011101110 
0000000011000100 
0000000010010110 
0000000010000101 
0000000001010100 
0000000000001100 
0000000001100010 
0000000010010110 
0000000010111011 
0000000011010111 
0000000011001011 
0000000001111110 
0000000000010100 
0000000010100111 
0000000011011101 
0000000010110011 
0000000011010001 
0000000100111010 
0000000101000101 
0000000011011011 
0000000001110100 
0000000001101101 
0000000010000111 
0000000010111100 
0000000011011101 
0000000011001111 
0000000011001101 
0000000011010110 
0000000010000110 
0000000001000100 
0000000010101001 
0000000010101001 
0000000001100100 
0000000000111111 
0000000001111000 
0000000011010010 
0000000011100010 
0000000001110101 
0000000001000101 
0000000011110000 
0000000101000110 
0000000100111001 
0000000100100011 
0000000100010100 
0000000011101010 
0000000010110100 
0000000001011111 
0000000000100100 
0000000010001111 
0000000010101001 
0000000010001100 
0000000010100110 
0000000010110111 
0000000010001111 
0000000001011010 
0000000000110001 
0000000000010000 
0000000000100000 
0000000001011101 
0000000010000010 
0000000010100100 
0000000011110000 
0000000100111001 
0000000100111111 
0000000100000100 
0000000011000000 
0000000010100010 
0000000010010101 
0000000001110001 
0000000000111111 
0000000001011010 
0000000011000101 
0000000100000000 
0000000011010010 
0000000001011110 
0000000010001001 
0000000011000111 
0000000011000110 
0000000010010011 
0000000000101110 
0000000001010101 
0000000010101010 
0000000011000110 
0000000011011011 
0000000100011010 
0000000100110110 
0000000011110001 
0000000001111111 
0000000001100000 
0000000001100111 
0000000001000100 
0000000000100101 
0000000001011110 
0000000001101101 
0000000001011000 
0000000001111001 
0000000010110101 
0000000010110000 
0000000001111000 
0000000010000111 
0000000011000000 
0000000011010000 
0000000010111110 
0000000010100111 
0000000010001011 
0000000001010101 
0000000000001111 
0000000001011101 
0000000010001111 
0000000010011010 
0000000010010010 
0000000001101100 
0000000000110100 
0000000000011101 
0000000000111111 
0000000001111101 
0000000011001100 
0000000100000111 
0000000100000101 
0000000011000010 
0000000010011000 
0000000010101100 
0000000010011010 
0000000001011110 
0000000000100000 
0000000000100010 
0000000001011010 
0000000010000001 
0000000001101101 
0000000000111101 
0000000000100101 
0000000000111011 
0000000001011110 
0000000010000000 
0000000010001101 
0000000001101001 
0000000001011101 
0000000010010000 
0000000010100101 
0000000010010100 
0000000010001010 
0000000010100011 
0000000011001010 
0000000011011111 
0000000011000111 
0000000010001001 
0000000001011000 
0000000001010011 
0000000001011110 
0000000001001110 
0000000000101100 
0000000001010110 
0000000001110001 
0000000001111010 
0000000001101010 
0000000001010001 
0000000001111011 
0000000010100001 
0000000010011110 
0000000010010100 
0000000010010111 
0000000010001101 
0000000001110110 
0000000010001110 
0000000010100001 
0000000010100100 
0000000001110111 
0000000000101101 
0000000010101000 
0000000011111100 
0000000100100101 
0000000100101110 
0000000011110011 
0000000010011000 
0000000000111101 
0000000010010011 
0000000100100100 
0000000101111000 
0000000101101011 
0000000100110010 
0000000100010000 
0000000011111001 
0000000011100010 
0000000011100001 
0000000011111011 
0000000100000111 
0000000011101011 
0000000011010000 
0000000011100110 
0000000011110001 
0000000011000101 
0000000001111101 
0000000001000111 
0000000000111111 
0000000001111010 
0000000011101010 
0000000100110010 
0000000100111101 
0000000100001111 
0000000010100111 
0000000000101000 
0000000001110010 
0000000011001010 
0000000011100000 
0000000010110101 
0000000010000011 
0000000001011000 
0000000000110111 
0000000010111001 
0000000110001111 
0000001011110010 
0000010011001111 
0000011001101010 
0000011100100001 
0000011101000010 
0000011101100000 
0000011110001001 
0000011101001100 
0000011010001011 
0000010100111111 
0000001111111011 
0000001110110111 
0000001111011010 
0000001111011011 
0000001110011110 
0000001101011000 
0000001100011101 
0000001010111001 
0000001000111111 
0000000111010010 
0000000101000110 
0000000011011111 
0000000111001001 
0000001010111101 
0000001100001011 
0000001100100010 
0000001101111110 
0000001110100100 
0000001100110001 
0000001010110100 
0000001011110100 
0000001110111101 
0000010001100101 
0000010001111110 
0000001111010111 
0000001010100110 
0000000101101000 
0000000010111001 
0000000010011011 
0000000100001111 
0000001000001011 
0000001011001000 
0000001011100000 
0000001001101101 
0000000111110100 
0000000111001100 
0000000111110001 
0000001001000011 
0000001001001011 
0000001000011000 
0000000111100001 
0000000110001111 
0000000011111111 
0000000001001111 
0000000100000111 
0000001000001010 
0000001011011000 
0000001101011100 
0000001110011100 
0000001111000010 
0000001110111100 
0000001100101100 
0000001000001111 
0000000111101000 
0000001100101100 
0000001111111100 
0000001110010001 
0000001000100110 
0000000101001110 
0000001001111001 
0000001101110101 
0000001101101011 
0000001001101010 
0000000011101111 
0000000010110000 
0000000111101010 
0000001010110010 
0000001011111011 
0000001011110100 
0000001011001111 
0000001011000011 
0000001011011110 
0000001011010101 
0000001001111011 
0000000111001010 
0000000011001111 
0000000001110110 
0000000011010100 
0000000010110111 
0000000010100001 
0000000101010000 
0000001001100111 
0000001101010001 
0000001110101011 
0000001100111000 
0000001001101011 
0000001001011111 
0000001010100101 
0000001001110001 
0000000111000111 
0000000011101001 
0000000001100000 
0000000010011101 
0000000010110101 
0000000010010001 
0000000010011001 
0000000011101110 
0000000101101111 
0000000111010110 
0000000111011010 
0000000110000110 
0000000101010100 
0000000101111111 
0000000111000010 
0000000111111010 
0000001000001100 
0000000111101000 
0000000110101011 
0000000110001110 
0000000110001010 
0000000101011001 
0000000011101001 
0000000001100110 
0000000000101001 
0000000011100000 
0000000110010011 
0000000111111011 
0000000111111101 
0000000110110001 
0000000100110000 
0000000010100000 
0000000001111101 
0000000010101111 
0000000010101001 
0000000001111111 
0000000001011110 
0000000001010011 
0000000001101000 
0000000010000010 
0000000010001101 
0000000001111011 
0000000010001100 
0000000010110100 
0000000010111000 
0000000010001100 
0000000000111111 
0000000000110010 
0000000001010101 
0000000001110001 
0000000001111010 
0000000010010011 
0000000010110110 
0000000010111111 
0000000010110001 
0000000010011011 
0000000010000010 
0000000001101111 
0000000001011001 
0000000000110100 
0000000000001100 
0000000000011101 
0000000000111111 
0000000001100000 
0000000010001000 
0000000010011100 
0000000010010000 
0000000001110110 
0000000001100100 
0000000001101000 
0000000001011010 
0000000001000000 
0000000000110001 
0000000000110111 
0000000001000011 
0000000001000010 
0000000000101111 
0000000000110010 
0000000000111000 
0000000000100011 
0000000000000101 
0000000000011011 
0000000000101000 
0000000000101100 
0000000000111010 
0000000001010101 
0000000001101000 
0000000001110011 
0000000001111001 
0000000001110110 
0000000001100011 
0000000000111111 
0000000000011110 
0000000000011111 
0000000000101101 
0000000000101000 
0000000000100010 
0000000000011111 
0000000000110110 
0000000001001001 
0000000001000111 
0000000000110001 
0000000000001111 
0000000000011101 
0000000000110011 
0000000000110000 
0000000000011001 
0000000000101000 
0000000001000111 
0000000001010010 
0000000001000101 
0000000000100000 
0000000000101000 
0000000001011101 
0000000001111110 
0000000010001101 
0000000010000110 
0000000001110010 
0000000001010011 
0000000000101100 
0000000000000111 
0000000000011000 
0000000000100100 
0000000001010000 
0000000011010000 
0000000110111011 
0000001011110110 
0000010010011000 
0000011001001110 
0000011100101110 
0000011100100101 
0000011010101111 
0000011000000100 
0000010100110010 
0000001111101001 
0000001010011010 
0000000110000001 
0000000011000011 
0000000010000001 
0000000010001110 
0000000010011110 
0000000010001010 
0000000001100001 
0000000001000011 
0000000001001000 
0000000001001110 
0000000000111101 
0000000000010000 
0000000001000011 
0000000001111111 
0000000010010110 
0000000010000111 
0000000001100010 
0000000000111001 
0000000000100000 
0000000000010101 
0000000000010001 
0000000000110000 
0000000001010011 
0000000001101110 
0000000010000001 
0000000010000001 
0000000001111001 
0000000001101111 
0000000001101000 
0000000001101100 
0000000001101011 
0000000001100011 
0000000001010110 
0000000001000001 
0000000000110011 
0000000000100111 
0000000000100011 
0000000000110100 
0000000001001000 
0000000001001000 
0000000000111001 
0000000000101100 
0000000000100011 
0000000000100011 
0000000000011101 
0000000000011010 
0000000000011100 
0000000000010111 
0000000000001101 
0000000000000101 
0000000000010000 
0000000000011101 
0000000000011010 
0000000000000011 
0000000000010101 
0000000000101000 
0000000000110100 
0000000000111100 
0000000000111111 
0000000000111000 
0000000000110100 
0000000000110010 
0000000000101101 
0000000000100111 
0000000000011011 
0000000000001111 
0000000000000111 
0000000000000110 
0000000000001001 
0000000000000111 
0000000000000011 
0000000000001001 
0000000000001011 
0000000000010101 
0000000000100011 
0000000000101110 
0000000000110011 
0000000000110000 
0000000000011111 
0000000000010010 
0000000000010111 
0000000000011111 
0000000000011010 
0000000000010101 
0000000000100000 
0000000000101000 
0000000000101000 
0000000000100110 
0000000000100110 
0000000000101111 
0000000000111001 
0000000000110111 
0000000000110100 
0000000000101111 
0000000000100101 
0000000000011001 
0000000000011001 
0000000000010111 
0000000000001110 
0000000000000111 
0000000000001000 
0000000000010010 
0000000000011110 
0000000000100110 
0000000000110101 
0000000000111001 
0000000000110100 
0000000000110010 
0000000000101011 
0000000000100000 
0000000000010010 
0000000000001010 
0000000000010100 
0000000000011110 
0000000000100100 
0000000000101000 
0000000000101111 
0000000000111001 
0000000000111001 
0000000000101111 
0000000000100011 
0000000000100001 
0000000000100100 
0000000000100011 
0000000000100110 
0000000000100111 
0000000000100011 
0000000000010110 
0000000000001100 
0000000000001000 
0000000000000010 
0000000000000010 
0000000000001000 
0000000000001100 
0000000000001001 
0000000000000111 
0000000000000111 
0000000000000111 
0000000000001001 
0000000000001010 
0000000000001110 
0000000000001100 
0000000000000101 
0000000000001111 
0000000000010100 
0000000000010011 
0000000000010010 
0000000000010000 
0000000000010110 
0000000000010011 
0000000000001011 
0000000000001001 
0000000000001110 
0000000000010010 
0000000000010011 
0000000000001111 
0000000000001000 
0000000000000011 
0000000000001000 
0000000000010010 
0000000000010010 
0000000000001010 
0000000000000010 
0000000000001011 
0000000000001000 
0000000000000011 
0000000000000110 
0000000000000110 
0000000000001110 
0000000000011001 
0000000000010011 
0000000000010001 
0000000000010111 
0000000000010101 
0000000000001100 
0000000000001000 
0000000000001011 
0000000000001011 
0000000000001001 
0000000000001101 
0000000000010001 
0000000000010010 
0000000000011000 
0000000000010110 
0000000000010011 
0000000000001100 
0000000000000010 
0000000000000101 
0000000000001001 
0000000000010010 
0000000000010100 
0000000000011001 
0000000000011110 
0000000000010111 
0000000000010101 
0000000000010101 
0000000000010010 
0000000000010000 
0000000000010101 
0000000000010010 
0000000000010010 
0000000000001101 
0000000000001000 
0000000000001001 
0000000000000111 
0000000000000110 
0000000000000110 
0000000000000110 
0000000000001000 
0000000000000111 
0000000000000111 
0000000000001001 
0000000000000110 
0000000000000111 
0000000000001101 
0000000000001101 
0000000000010001 
0000000000010011 
0000000000011000 
0000000000001110 
0000000000001111 
0000000000010010 
0000000000001101 
0000000000001010 
0000000000001001 
0000000000000111 
0000000000010001 
0000000000011011 
0000000000011001 
0000000000001111 
0000000000001010 
0000000000001000 
0000000000000100 
0000000000000001 
0000000000000011 
0000000000000011 
0000000000000001 
0000000000000001 
0000000000000100 
0000000000000100 
0000000000000110 
0000000000000111 
0000000000001101 
0000000000010011 
0000000000001110 
0000000000001001 
0000000000001001 
0000000000001100 
0000000000010001 
0000000000010000 
0000000000001111 
0000000000001101 
0000000000001111 
0000000000010101 
0000000000010101 
0000000000010010 
0000000000010110 
0000000000010011 
0000000000001000 
0000000000001010 
0000000000010011 
0000000000001111 
0000000000001101 
0000000000001001 
0000000000000110 
0000000000000010 
0000000000000100 
0000000000000010 
0000000000001001 
0000000000000101 
0000000000001011 
0000000000001101 
0000000000010010 
0000000000010010 
0000000000001111 
0000000000010000 
0000000000000110 
0000000000000110 
0000000000000011 
0000000000001010 
0000000000001101 
0000000000000100 
0000000000000011 
0000000000000111 
0000000000001101 
0000000000010000 
0000000000010101 
0000000000010011 
0000000000001001 
0000000000001001 
0000000000000110 
0000000000000011 
0000000000000100 
0000000000000101 
0000000000000110 
0000000000000011 
0000000000000011 
0000000000000111 
0000000000001001 
0000000000001011 
0000000000001100 
0000000000001001 
0000000000000100 
0000000000001010 
0000000000001000 
0000000000000100 
0000000000000110 
0000000000000101 
0000000000000101 
0000000000000010 
0000000000000011 
0000000000000110 
0000000000001001 
0000000000001110 
0000000000001101 
0000000000000110 
0000000000000110 
0000000000001110 
0000000000000011 
0000000000010001 
0000000000101010 
0000000001001011 
0000000010011110 
0000000001110110 
0000000111110000 
0000001010010011 
0000000110010110 
0000000010100011 
0000000001010011 
0000000000001010 
0000000000000111 
0000000000000011 
0000000000000110 
0000000000000010 
0000000000001001 
0000000000000110 
0000000000000100 
0000000000000000 
0000000000000000 
0000000000000000 
0000000000000000 
0000000000000000 
0000000000000000 
0000000000000000 
0000000000000000 
0000000000000000 
0000000000000001 
