1000011001001001 
1000000111011110 
0111110101101010 
0111110000111111 
0111110001101011 
0111110111110000 
1000000001100100 
1000000100111010 
1000000000110110 
0111111010101011 
1000000100110100 
1000001100111100 
1000000100010101 
0111110010101000 
0111111000111010 
1000000010100111 
1000000001101011 
1000000000010000 
1000000010100011 
1000000110011011 
1000000110010110 
1000000011011110 
1000000000010111 
0111111110100011 
0111111110110001 
0111111111111101 
1000000000001001 
0111111110101011 
0111111101000000 
0111111101001010 
0111111110000001 
0111111110010101 
0111111110000111 
0111111101111110 
0111111110011010 
0111111111001000 
0111111111100111 
0111111111000011 
0111111111101011 
1000000000001011 
0111111111111101 
0111111110111110 
0111111110000010 
0111111100100010 
0111111011110011 
0111111111001000 
1000000001111111 
1000000011010111 
1000000010100011 
1000000010001110 
1000000000011000 
0111111000110000 
0111110011000000 
0111110101010101 
1000000001100000 
1000001100110111 
1000001111110001 
1000000111111011 
0111111101110101 
0111110111110011 
0111110110110100 
0111111011001100 
1000000100011101 
1000001010000011 
1000000111111000 
1000000010011100 
0111111110100101 
0111111101010000 
0111111101100100 
0111111110110010 
0111111111111101 
1000000001001000 
1000000001101011 
1000000001001011 
0111111111111010 
0111111110110011 
0111111110011101 
0111111110100111 
0111111111001100 
1000000000001000 
1000000000101111 
1000000000101110 
1000000000001110 
0111111111111000 
0111111111110011 
0111111111110100 
1000000000000110 
0111111111111111 
0111111111110000 
0111111111111000 
1000000000010110 
1000000000110000 
1000000000100101 
1000000000001010 
0111111111110010 
0111111111010111 
0111111111001101 
0111111111110010 
1000000000101100 
1000000000110100 
0111111111111001 
0111111111000100 
0111111111100010 
1000000000100011 
1000000000110110 
1000000000001010 
0111111111000011 
0111111110101110 
0111111111001011 
1000000000010110 
1000000001101000 
1000000010011110 
1000000001101001 
0111111111110001 
0111111110001001 
0111111110001001 
0111111111000011 
1000000000000001 
1000000000110110 
1000000001010000 
1000000000111111 
1000000000000001 
0111111110111111 
0111111110101000 
0111111111010111 
1000000000011010 
1000000001001110 
1000000001010111 
1000000000111001 
1000000000010000 
0111111111111100 
1000000000000010 
1000000000011001 
1000000000101001 
1000000000011100 
1000000000010011 
1000000000001111 
0111111111110110 
0111111111100010 
0111111111011100 
0111111111011100 
0111111111010101 
0111111111001000 
0111111111010000 
0111111111110001 
1000000000001110 
1000000000100101 
1000000000101001 
1000000000000111 
0111111111001001 
0111111110100011 
0111111110111110 
0111111111111011 
1000000000011101 
1000000000000001 
0111111111001100 
0111111110111010 
0111111111000110 
0111111111000101 
0111111110111010 
0111111110111101 
0111111111100000 
0111111111101011 
0111111111001010 
0111111110101111 
0111111111001111 
1000000000001110 
1000000000101111 
1000000000101110 
1000000000011001 
0111111111111101 
0111111111010101 
0111111110110110 
0111111111011001 
1000000000110000 
1000000001100101 
1000000000111100 
0111111111011101 
0111111110110111 
0111111111100011 
1000000000001110 
0111111111101010 
0111111110111011 
0111111111100010 
1000000000100110 
1000000000011010 
0111111111000010 
0111111110100101 
0111111111010111 
1000000000000101 
1000000000000001 
0111111111111010 
1000000000010110 
1000000000101110 
1000000000100110 
0111111111111111 
0111111111011111 
0111111111010000 
0111111111100100 
1000000000011100 
1000000001000000 
1000000000101100 
0111111111111010 
0111111111001011 
0111111111010000 
0111111111101110 
0111111111111100 
1000000000000001 
0111111111111111 
1000000000000000 
1000000000000000 
0111111111110100 
0111111111101010 
0111111111110010 
1000000000001100 
1000000000100100 
1000000000011001 
1000000000000001 
0111111111110111 
0111111111111101 
0111111111101010 
0111111111100000 
1000000000000100 
1000000000111000 
1000000000111000 
1000000000000011 
0111111111011001 
0111111111101010 
1000000000011110 
1000000000100110 
0111111111110001 
0111111110101010 
0111111110111000 
1000000000011110 
1000000001110101 
1000000001110001 
0111111111100100 
0111111101110010 
0111111101101111 
0111111111100100 
1000000001100101 
1000000010001011 
1000000000111001 
0111111110101111 
0111111101101001 
0111111110101101 
1000000000011011 
1000000001101010 
1000000001011001 
1000000000001100 
0111111111011100 
0111111111010010 
0111111111101111 
0111111111101001 
0111111111110010 
1000000000011001 
1000000000111010 
1000000000111001 
1000000000110001 
1000000000100001 
0111111111111111 
0111111111010111 
0111111111000100 
0111111111000011 
0111111111011110 
1000000000010001 
1000000000111001 
1000000000101100 
0111111111111100 
0111111111110101 
1000000000100010 
1000000000111000 
0111111111111111 
0111111110110010 
0111111110110011 
0111111111101100 
1000000000001111 
1000000000001001 
1000000000001101 
1000000000101110 
1000000000101101 
0111111111110010 
0111111110101111 
0111111110101110 
0111111111101000 
1000000001000000 
1000000000100011 
0111111111110010 
0111111111101110 
1000000000011101 
1000000001000001 
1000000000011100 
0111111111000010 
0111111110101110 
0111111111111011 
1000000001001111 
1000000001000101 
0111111111110100 
0111111111001001 
0111111111100111 
1000000000101111 
1000000000111010 
1000000000010010 
0111111111110101 
1000000000000011 
1000000000100001 
1000000000100001 
0111111111100010 
0111111110111110 
0111111111010110 
1000000000011100 
1000000001000101 
1000000000100110 
0111111111100111 
0111111110111111 
0111111110111111 
0111111111100110 
1000000000011110 
1000000000101001 
0111111111110010 
0111111110110010 
0111111110110001 
1000000000000110 
1000000001101000 
1000000001101000 
0111111111111101 
0111111110011001 
0111111110011100 
1000000000010010 
1000000001101111 
1000000001000011 
0111111111011101 
0111111110110001 
0111111111101101 
1000000000111110 
1000000000101110 
1000000000001110 
0111111111101010 
1000000000001000 
1000000000111000 
1000000000010111 
0111111110111001 
0111111110010111 
0111111111100100 
1000000000111110 
1000000000110000 
0111111111100000 
0111111110111110 
0111111111111010 
1000000001000001 
1000000000100010 
0111111111000100 
0111111110100101 
0111111111111010 
1000000001010111 
1000000001001000 
0111111111110110 
0111111111000001 
0111111111010101 
0111111111110101 
0111111111111000 
0111111111100101 
1000000000000101 
1000000001001111 
1000000001101101 
1000000000010110 
0111111110000000 
0111111101010111 
0111111111100111 
1000000010010010 
1000000010010100 
0111111111110000 
0111111110000000 
0111111111000111 
1000000000101110 
1000000000100110 
0111111111011011 
0111111111001001 
1000000000001000 
1000000001010001 
1000000001000000 
0111111111100000 
0111111110011011 
0111111110110100 
1000000000100100 
1000000001000001 
1000000000001111 
0111111111100001 
1000000000000000 
1000000000111010 
1000000000110010 
0111111111101001 
0111111110100111 
0111111110010100 
0111111111001100 
1000000000101010 
1000000001100011 
1000000001110000 
1000000000110011 
0111111111100001 
0111111110010011 
0111111110001101 
0111111110111110 
1000000000001111 
1000000001001111 
1000000001011101 
1000000000100000 
0111111111011001 
0111111111010100 
0111111111100011 
0111111111101001 
0111111111111100 
1000000000011011 
1000000000110011 
1000000001000011 
1000000000111110 
1000000000001101 
0111111110100011 
0111111101100010 
0111111110100110 
1000000001011010 
1000000011010100 
1000000010000010 
0111111110101110 
0111111100110101 
0111111110000101 
1000000001000001 
1000000010010101 
1000000000111100 
0111111111000101 
0111111110101111 
0111111111000111 
0111111111011011 
0111111111101100 
1000000000110101 
1000000001000110 
1000000000000011 
0111111110101111 
0111111110110011 
1000000000001000 
1000000001001101 
1000000000110101 
0111111111101001 
0111111111011011 
0111111111110001 
1000000000011100 
1000000000011000 
0111111111111011 
0111111111101001 
1000000000010110 
1000000000111011 
1000000000110001 
0111111111100010 
0111111110100000 
0111111110110010 
1000000000000011 
1000000001010001 
1000000001110010 
1000000001000000 
0111111111101011 
0111111110111101 
0111111110101101 
0111111110110010 
0111111111010001 
1000000000001000 
1000000001001011 
1000000001010101 
1000000001011000 
1000000000101100 
0111111111011011 
0111111110001010 
0111111110100000 
1000000000000000 
1000000001001010 
1000000000100101 
0111111111001110 
0111111111011011 
1000000001001011 
1000000010010000 
1000000000101001 
0111111110001010 
0111111101110010 
0111111111111100 
1000000010000110 
1000000001100111 
0111111110110001 
0111111100110111 
0111111101111100 
1000000001000001 
1000000011010100 
1000000010001111 
0111111111000101 
0111111101011001 
0111111110101100 
1000000000111111 
1000000001011000 
1000000000001111 
0111111111110001 
0111111111110001 
0111111111010010 
0111111110011101 
0111111110101000 
0111111111111110 
1000000001011010 
1000000010000010 
1000000001111001 
1000000000101010 
0111111110100101 
0111111101001010 
0111111101011011 
0111111111100010 
1000000001110000 
1000000010001110 
1000000001010000 
1000000000000001 
0111111111110010 
1000000000000110 
0111111111111100 
0111111110110111 
0111111101101111 
0111111110000001 
1000000000001110 
1000000011001001 
1000000100001101 
1000000010000101 
0111111110100011 
0111111100001000 
0111111101001011 
0111111111110010 
1000000001011100 
1000000001001001 
1000000000101101 
1000000000111010 
1000000000100101 
0111111111101011 
0111111110011010 
0111111101111111 
0111111110111001 
1000000000010011 
1000000001010111 
1000000001101110 
1000000001101010 
1000000000110111 
0111111111011110 
0111111110001111 
0111111101100101 
0111111110101000 
1000000000010110 
1000000001000100 
1000000000101010 
1000000000001111 
1000000000100000 
1000000001001101 
1000000001011011 
1000000000011100 
0111111110111011 
0111111101110001 
0111111101101010 
0111111110110111 
1000000000110101 
1000000010011000 
1000000010101010 
1000000001101001 
1000000000001011 
0111111110101110 
0111111101010010 
0111111101011101 
0111111111011011 
1000000001011111 
1000000001111010 
1000000000111111 
0111111111100100 
0111111110101101 
0111111111010010 
1000000000111011 
1000000010001101 
1000000001100011 
0111111110101101 
0111111011111111 
0111111100010011 
0111111111111110 
1000000011100010 
1000000100001110 
1000000010000100 
0111111110100011 
0111111100111111 
0111111101101010 
0111111111011011 
1000000001000110 
1000000001101101 
1000000000111001 
0111111111100101 
0111111111000111 
0111111111110000 
1000000000100000 
1000000000010000 
0111111111111001 
1000000000011110 
1000000001001010 
1000000000011101 
0111111110010001 
0111111100100000 
0111111101000011 
0111111111100100 
1000000010101000 
1000000100011100 
1000000011110101 
1000000001001000 
0111111101011111 
0111111011000110 
0111111011011011 
0111111111000110 
1000000011100100 
1000000100111110 
1000000001111111 
0111111110000011 
0111111101000101 
0111111110110010 
1000000000000101 
0111111111111011 
0111111111110101 
1000000000111100 
1000000001010000 
1000000000001011 
0111111111000001 
0111111111011110 
1000000001000001 
1000000000111011 
0111111111001100 
0111111110000111 
0111111111101000 
1000000001110111 
1000000001100001 
0111111110111100 
0111111101111011 
0111111111111001 
1000000010100100 
1000000010100010 
1000000000000000 
0111111101010011 
0111111101000001 
0111111110101110 
1000000000110000 
1000000001100001 
1000000000111001 
0111111111111111 
1000000000010000 
1000000001010100 
1000000001101100 
1000000000101101 
0111111110101111 
0111111100111110 
0111111101001100 
0111111111011100 
1000000001110011 
1000000010001111 
1000000000111111 
0111111111110010 
0111111111010110 
0111111111110011 
0111111111100010 
0111111111100101 
1000000000100010 
1000000001011100 
1000000001010010 
0111111111110001 
0111111110000110 
0111111101001100 
0111111101110011 
0111111111110000 
1000000001110010 
1000000010111010 
1000000010100111 
1000000001010001 
0111111111011100 
0111111101100010 
0111111100100011 
0111111101101101 
1000000000110110 
1000000011010101 
1000000011000000 
0111111111010010 
0111111100011011 
0111111110000110 
1000000001000100 
1000000010001111 
1000000000110100 
0111111111100011 
0111111111111000 
1000000001010011 
1000000001000100 
0111111110100010 
0111111100001111 
0111111101010100 
1000000001001001 
1000000011100100 
1000000010011101 
0111111111011001 
0111111101101110 
0111111110010011 
0111111111111111 
1000000000110101 
1000000001010111 
1000000001011110 
1000000001001111 
1000000000010001 
0111111110110000 
0111111101110100 
0111111110000110 
0111111111101100 
1000000010000011 
1000000011100101 
1000000001111110 
0111111110010100 
0111111011100011 
0111111100010000 
0111111111110111 
1000000010111110 
1000000011000111 
1000000000111100 
0111111111010000 
0111111111101011 
1000000000101100 
1000000000000101 
0111111110100100 
0111111110010100 
0111111111011010 
0111111111111011 
0111111111001110 
0111111111000101 
1000000000100011 
1000000010011101 
1000000010110011 
1000000001011101 
0111111110000000 
0111111011011100 
0111111100010100 
0111111111111100 
1000000011111101 
1000000101000111 
1000000010101011 
0111111101111101 
0111111010000011 
0111111010001000 
0111111110010010 
1000000011000010 
1000000100100000 
1000000010010010 
0111111111101011 
0111111111010111 
1000000000001111 
0111111111110010 
0111111101101011 
0111111101000101 
0111111111111000 
1000000010110001 
1000000001110000 
0111111110001001 
0111111101011100 
1000000001100101 
1000000101111100 
1000000100111111 
0111111110011000 
0111110111011101 
0111110111000001 
0111111110011101 
1000000110111010 
1000001000111000 
1000000011110101 
0111111101100110 
0111111011100111 
0111111101111111 
1000000001000100 
1000000001101001 
1000000000000001 
0111111110100100 
0111111101110111 
0111111101111000 
0111111110101111 
1000000000111001 
1000000011101000 
1000000100000100 
1000000001011010 
0111111101111101 
0111111100110000 
0111111110011101 
1000000000100010 
1000000000100000 
0111111111110000 
0111111111100010 
1000000000011110 
1000000001101100 
1000000001111111 
1000000000111101 
0111111111011101 
0111111110010000 
0111111101100110 
0111111101011100 
0111111101101011 
0111111110101010 
1000000000111001 
1000000011010011 
1000000100010011 
1000000010100101 
0111111111001000 
0111111100101001 
0111111100001001 
0111111101001001 
0111111110111101 
1000000001011110 
1000000011100000 
1000000010111101 
0111111111110111 
0111111101101011 
0111111110100101 
1000000000110011 
1000000000101001 
0111111101101110 
0111111100011111 
0111111111101001 
1000000011110010 
1000000100000010 
1000000000000100 
0111111100100000 
0111111101011010 
1000000001001100 
1000000010101001 
1000000000000100 
0111111101001011 
0111111101111011 
1000000001000100 
1000000010010111 
1000000000101110 
0111111111000110 
1000000000000000 
1000000010010001 
1000000001111111 
0111111110111101 
0111111100010100 
0111111101010010 
1000000000111000 
1000000011101001 
1000000011011101 
1000000000111010 
0111111110011100 
0111111101110000 
0111111110111110 
1000000001010010 
1000000010010101 
1000000001000101 
0111111110101000 
0111111101001110 
0111111110010001 
1000000001000101 
1000000011001101 
1000000011011001 
1000000001100101 
0111111110111001 
0111111101010000 
0111111101101111 
0111111111100000 
1000000001000110 
1000000001010111 
1000000001001000 
1000000001000100 
1000000001101010 
1000000001010101 
0111111111011100 
0111111101011010 
0111111101101010 
1000000000100001 
1000000011001010 
1000000010110110 
1000000000100011 
0111111111000100 
0111111111100001 
1000000000011111 
1000000000001010 
0111111110111000 
0111111110001111 
0111111110110101 
0111111111101100 
1000000000101110 
1000000010001011 
1000000011011000 
1000000011011100 
1000000001111011 
0111111111100101 
0111111100111000 
0111111010111000 
0111111010111010 
0111111110011110 
1000000100100010 
1000001000110100 
1000000111010101 
1000000000011111 
0111111010000001 
0111111001000110 
0111111101111101 
1000000011010001 
1000000100001100 
1000000000111011 
0111111101011110 
0111111101101010 
1000000001010011 
1000000100010101 
1000000011010010 
0111111111100000 
0111111100110100 
0111111101100111 
1000000000011100 
1000000001101001 
1000000000010001 
0111111110100001 
0111111110110110 
1000000001010010 
1000000011011111 
1000000011100100 
1000000001010001 
0111111110000000 
0111111100000101 
0111111100110001 
0111111111000011 
1000000000110001 
1000000001000001 
1000000000011011 
1000000000010101 
1000000001000001 
1000000001110001 
1000000001010110 
1000000000100010 
1000000000000110 
0111111111111101 
0111111111010010 
0111111101111111 
0111111101010000 
0111111101101000 
0111111110110111 
1000000000110011 
1000000011110110 
1000000110101110 
1000000110010100 
1000000000110011 
0111111010000100 
0111110111101011 
0111111011101010 
1000000010000100 
1000000101011100 
1000000011111001 
1000000000010011 
0111111110000010 
0111111110111011 
1000000000101111 
1000000000110011 
0111111111000010 
0111111101110010 
0111111110111001 
1000000001110001 
1000000011100100 
1000000010101001 
1000000000100001 
0111111110111010 
0111111101111100 
0111111101101101 
0111111110100100 
1000000000011111 
1000000001110101 
1000000001001100 
1000000000000000 
0111111111110011 
1000000000000110 
0111111111100000 
0111111110101101 
0111111111010110 
1000000001111100 
1000000011101101 
1000000010000001 
0111111101111000 
0111111100001101 
0111111111100010 
1000000100100000 
1000000101101100 
1000000001000010 
0111111010111001 
0111111000110000 
0111111100010110 
1000000010100100 
1000000110010101 
1000000100111111 
1000000000110001 
0111111101011011 
0111111101101001 
0111111111110101 
1000000000110011 
0111111111100110 
0111111101101111 
0111111110000101 
1000000000101011 
1000000010111000 
1000000010100000 
1000000000001110 
0111111110100010 
0111111110110011 
0111111111111010 
1000000000100101 
1000000001000101 
1000000001100111 
1000000001011001 
1000000000000101 
0111111110001110 
0111111101101001 
0111111111001010 
1000000001110000 
1000000010101100 
1000000001000101 
0111111110010011 
0111111101001101 
0111111111000011 
1000000010000100 
1000000011100001 
1000000010010011 
0111111111111100 
0111111101111000 
0111111100111011 
0111111101011001 
0111111111001000 
1000000001101101 
1000000011101111 
1000000011010001 
1000000000010011 
0111111101001111 
0111111101000100 
0111111111111000 
1000000010101000 
1000000001110110 
0111111101110110 
0111111010101111 
0111111100010010 
1000000001111111 
1000000110110100 
1000000110111010 
1000000010100100 
0111111101001101 
0111111010001100 
0111111010001101 
0111111100100100 
1000000000001110 
1000000011101101 
1000000101010100 
1000000100000001 
1000000000111010 
0111111110000100 
0111111100101101 
0111111100110110 
0111111110000100 
0111111111111000 
1000000001100010 
1000000010001111 
1000000010010000 
1000000001101001 
0111111111110000 
0111111101010001 
0111111011111101 
0111111101011011 
1000000000111000 
1000000011100000 
1000000011110000 
1000000001011101 
0111111110110100 
0111111101101111 
0111111111000000 
1000000001000000 
1000000001011101 
0111111111001111 
0111111100011010 
0111111100001010 
1000000000010101 
1000000101111001 
1000000111011110 
1000000010111001 
0111111011111000 
0111111000101110 
0111111011101100 
1000000001011100 
1000000100011110 
1000000011001011 
0111111111111011 
0111111110000100 
0111111110100000 
0111111111110001 
1000000000011001 
1000000001001011 
1000000010010001 
1000000010100000 
1000000000110000 
0111111101110101 
0111111100101001 
0111111110101101 
1000000010000010 
1000000011010110 
1000000001001000 
0111111110000000 
0111111101001010 
0111111111011100 
1000000010110100 
1000000011110100 
1000000001100111 
0111111101110101 
0111111011100011 
0111111100101011 
0111111111111011 
1000000011001010 
1000000011111110 
1000000010100000 
1000000000000011 
0111111110001100 
0111111110000100 
0111111110111000 
0111111111110111 
1000000000010111 
1000000000011110 
1000000000100000 
1000000000011100 
1000000000011000 
1000000000010100 
0111111111110000 
0111111111011010 
0111111111101111 
1000000000101100 
1000000001101100 
1000000010000011 
1000000001001110 
0111111111001010 
0111111101011101 
0111111101010111 
0111111110111111 
1000000000111011 
1000000001111001 
1000000010011010 
1000000010100010 
1000000001000100 
0111111110001011 
0111111100001000 
0111111101101101 
1000000001111001 
1000000100011001 
1000000010001010 
0111111101001100 
0111111010101000 
0111111101000101 
1000000010010101 
1000000110001000 
1000000110011011 
1000000011111100 
1000000000001101 
0111111100010010 
0111111001011010 
0111111000111000 
0111111011101111 
1000000001011000 
1000000111100111 
1000001010010111 
1000000111001001 
0111111111111110 
0111111001011000 
0111110110101111 
0111111001000110 
0111111111001100 
1000000101110110 
1000001000101111 
1000000101111011 
0111111111011110 
0111111010000111 
0111111001100001 
0111111101111101 
1000000010111101 
1000000100010010 
1000000001011111 
0111111110110000 
0111111111010100 
1000000010000111 
1000000011110100 
1000000010011010 
0111111111100001 
0111111100101010 
0111111011010001 
0111111011110100 
0111111110001111 
1000000001011011 
1000000100010110 
1000000101101111 
1000000100101111 
1000000001100101 
0111111110001101 
0111111100100000 
0111111101001111 
0111111111110010 
1000000001111000 
1000000001100011 
0111111111100100 
0111111110001011 
0111111110001010 
0111111111001001 
1000000000101010 
1000000001111111 
1000000011001100 
1000000011011110 
1000000001111011 
0111111111010110 
0111111101011011 
0111111110000010 
0111111111111011 
1000000001100001 
1000000001011101 
0111111111111100 
0111111110101010 
0111111110101110 
0111111111101110 
1000000000011110 
1000000000011100 
1000000000101100 
1000000010001001 
1000000011101101 
1000000011011010 
1000000000100100 
0111111101001000 
0111111011110000 
0111111101011111 
1000000000110001 
1000000010111101 
1000000010100010 
1000000000100001 
0111111111000101 
0111111111111000 
1000000001100110 
1000000001111110 
1000000000111011 
1000000000011001 
1000000001000110 
1000000001010101 
0111111111100010 
0111111101000101 
0111111100010101 
0111111110111010 
1000000011000111 
1000000101001010 
1000000010110011 
0111111110011101 
0111111011111001 
0111111100111001 
1000000000011100 
1000000100010000 
1000000101101101 
1000000011100101 
0111111111000110 
0111111011011100 
0111111011101101 
0111111111011001 
1000000010100011 
1000000010011001 
1000000000011100 
0111111111100010 
1000000000111110 
1000000011001010 
1000000011011101 
1000000000111101 
0111111101010000 
0111111011000010 
0111111011110011 
0111111110111111 
1000000011100100 
1000000111000011 
1000000110111101 
1000000011011100 
0111111110001010 
0111111010101000 
0111111010101100 
0111111101001011 
0111111111111001 
1000000001100010 
1000000010111011 
1000000100011111 
1000000100110001 
1000000010001101 
0111111101000111 
0111111001001010 
0111111010000011 
0111111111111001 
1000000111000000 
1000001000110110 
1000000011010100 
0111111010011011 
0111110101001001 
0111110111101010 
1000000000011001 
1000001001100001 
1000001100110010 
1000000111101011 
0111111101110100 
0111110110011100 
0111110110111000 
0111111110000010 
1000000100111011 
1000000110000111 
1000000010101001 
0111111111111011 
1000000000111111 
1000000011011000 
1000000010101110 
0111111101101011 
0111111000101000 
0111111000110100 
0111111111010011 
1000000111010100 
1000001010111110 
1000000111010010 
0111111111010010 
0111111000100100 
0111110111110100 
0111111100110011 
1000000010110111 
1000000101110111 
1000000100110110 
1000000001100000 
0111111110100000 
0111111110000011 
0111111111101000 
1000000001011101 
1000000010010010 
1000000001010001 
0111111111000000 
0111111101011100 
0111111101100101 
0111111111001001 
1000000000100100 
1000000000100011 
1000000000110011 
1000000011010000 
1000000110010010 
1000000100111000 
0111111101001110 
0111110101110011 
0111110111000010 
1000000010010000 
1000001101110111 
1000001110011010 
1000000001101010 
0111110010011010 
0111101111001011 
0111111011010000 
1000001011111011 
1000010011101011 
1000001110000011 
1000000000101001 
0111110101101101 
0111110011000010 
0111110111000101 
0111111100000101 
0111111110100100 
0111111110111110 
1000000000001111 
1000000100000010 
1000001010001001 
1000001100101100 
1000000110101000 
0111111010010111 
0111110010000111 
0111110101110000 
1000000010010100 
1000001100010100 
1000001011000110 
1000000001101110 
0111111010111111 
0111111100001010 
1000000000110000 
1000000000111010 
0111111011010111 
0111110111010010 
0111111100000111 
1000000111110111 
1000001111001110 
1000001001110000 
0111111011000111 
0111101111101110 
0111110001110011 
1000000000111011 
1000010001101110 
1000010110011011 
1000001010100011 
0111110110101101 
0111101001101000 
0111101100000000 
0111111010101111 
1000001010101011 
1000010001101000 
1000001101000111 
1000000011000110 
0111111100000011 
0111111010110111 
0111111100001011 
0111111011011111 
0111111000100000 
0111110110011110 
0111111001001101 
1000000010111000 
1000010000100011 
1000011010011101 
1000010111100000 
1000000110000010 
0111101101111010 
0111011110100110 
0111100010111111 
0111110110110011 
1000001100001010 
1000010110000001 
1000010010100110 
1000001000100101 
0111111111101110 
0111111011101100 
0111111011111010 
0111111101101101 
0111111110100010 
0111111110010111 
0111111110101000 
1000000000110111 
1000000011011010 
1000000010010101 
0111111011010111 
0111110011010101 
0111110011001110 
0111111111111001 
1000010010111001 
1000011101101100 
1000010101010110 
0111111100101111 
0111100011101111 
0111011100001000 
0111101011001110 
1000000111010001 
1000100000001101 
1000100110010010 
1000010101000011 
0111110101111010 
0111011011101000 
0111010100111101 
0111100110001110 
1000000110000000 
1000100010011110 
1000101101000100 
1000100010010110 
1000001010010111 
0111110000111110 
0111011111010110 
0111011010110010 
0111100101011100 
0111111101001111 
1000011000100110 
1000100111110110 
1000100000000111 
1000000101010000 
0111101000101111 
0111011101000110 
0111100111010010 
0111111110101110 
1000010011001101 
1000011000100000 
1000001100111011 
0111111001100000 
0111101101011110 
0111110010100110 
1000000100111011 
1000010110001001 
1000011000011101 
1000001001100100 
0111110011100110 
0111100101000010 
0111100110110000 
0111110110011110 
1000001000111010 
1000010010000100 
1000001110110111 
1000000110111111 
1000000011110101 
1000000111000101 
1000001000111101 
1000000001010111 
0111110010000010 
0111100101010010 
0111100110001100 
0111110101000101 
1000001000011001 
1000010110010101 
1000011010001001 
1000010100111000 
1000001001110111 
0111111100000110 
0111110000101101 
0111101101000001 
0111110011000011 
0111111111010011 
1000001010100101 
1000001101001010 
1000000101011101 
0111111001101001 
0111110100000100 
0111111000010100 
1000000000111110 
1000000100110101 
1000000001011101 
0111111101110111 
1000000010010000 
1000001101100000 
1000010100101111 
1000001110100111 
0111111101001001 
0111101101000101 
0111101001101000 
0111110010100001 
0111111101100010 
1000000010101000 
1000000010000111 
1000000010111011 
1000001001000111 
1000010001011010 
1000010011100010 
1000001001110111 
0111111000101110 
0111101010011111 
0111101001011011 
0111110110101110 
1000001000010100 
1000010001001010 
1000001010010010 
0111111001111100 
0111101101110101 
0111110000010110 
1000000000101100 
1000010010001001 
1000011000000001 
1000001110110111 
0111111110101001 
0111110011110011 
0111110100001111 
0111111101001011 
1000000101110001 
1000000111011011 
1000000001000000 
0111110111101101 
0111110010011100 
0111110101011100 
1000000000000111 
1000001100110001 
1000010011001010 
1000001110101110 
1000000010110100 
0111110111000010 
0111110010001110 
0111110101100101 
0111111100111000 
1000000011010110 
1000000110010011 
1000000101101010 
1000000010011001 
0111111101110010 
0111111010011011 
0111111011001011 
1000000000111110 
1000000111111111 
1000001010011001 
1000000101100110 
0111111101110000 
0111111011000110 
1000000000101100 
1000000111100110 
1000000101100101 
0111111001000101 
0111101011010011 
0111101010000101 
0111111000100000 
1000001010111110 
1000010011001011 
1000001101110000 
1000000100100100 
1000000010100001 
1000001000000001 
1000001011000110 
1000000011001001 
0111110011101110 
0111101010000010 
0111101111011001 
0111111111100011 
1000001101011011 
1000010000000101 
1000001000011000 
0111111111100001 
0111111011110000 
0111111011100100 
0111111010011000 
0111111000110110 
0111111011111100 
1000000101000000 
1000001101010000 
1000001011100101 
0111111110110010 
0111110000101100 
0111101101010110 
0111111000101100 
1000001010111011 
1000010111010011 
1000010111001101 
1000001100000000 
0111111100101110 
0111101111100110 
0111101000000011 
0111101000100001 
0111110010100111 
1000000100001111 
1000010101101011 
1000011101111001 
1000011000100011 
1000001000000111 
0111110101111100 
0111101011100101 
0111101100110000 
0111110101111101 
1000000000011010 
1000000110101000 
1000000111001110 
1000000100100011 
1000000001100101 
0111111111111001 
0111111111110011 
1000000000111101 
1000000010011001 
1000000011111000 
1000000100010110 
1000000011001100 
1000000000011001 
0111111101000100 
0111111001100111 
0111110110111110 
0111110110000100 
0111110111110010 
0111111100011100 
1000000011110001 
1000001011011000 
1000001111101000 
1000001101110001 
1000000110011011 
0111111101010111 
0111110110111111 
0111110100101110 
0111110101111111 
0111111010001101 
1000000000100111 
1000000111100110 
1000001011110110 
1000001010001100 
1000000011010011 
0111111011000101 
0111110110001011 
0111110111010110 
0111111101011001 
1000000100101111 
1000001010000010 
1000001010101000 
1000000110000111 
0111111110100110 
0111110111101010 
0111110100100111 
0111110110100010 
0111111100010101 
1000000011001011 
1000001001000000 
1000001011010101 
1000001001100000 
1000000011111000 
0111111100011000 
0111110101110100 
0111110010111011 
0111110101111011 
0111111110110001 
1000001010100111 
1000010011101001 
1000010011110111 
1000001000110100 
0111110110100100 
0111101000000011 
0111100111010011 
0111110101100100 
1000001001000000 
1000010100110101 
1000010010101000 
1000000110101001 
0111111011000101 
0111111000001101 
0111111101011001 
1000000011100101 
1000000100010111 
0111111110011101 
0111110111000000 
0111110100011110 
0111111001001001 
1000000010011110 
1000001010011001 
1000001100000111 
1000000111010101 
0111111111010011 
0111111001010100 
0111111000111010 
0111111101111101 
1000000100110010 
1000000111110010 
1000000100010100 
0111111100011010 
0111110101011001 
0111110100110011 
0111111011011110 
1000000101010100 
1000001100000001 
1000001010111100 
1000000011001000 
0111111001111110 
0111110110001101 
0111111010001100 
1000000011001100 
1000001011111100 
1000001111000111 
1000001011010010 
1000000001100110 
0111110101010111 
0111101011001111 
0111100111011000 
0111101100110100 
0111111010101010 
1000001011001010 
1000010110110010 
1000011000100110 
1000010000011100 
1000000011001000 
0111110111100101 
0111110010101001 
0111110101011110 
0111111100110000 
1000000011000010 
1000000101000100 
1000000011010000 
1000000000010010 
0111111110101011 
0111111110011100 
0111111110101110 
0111111111011010 
1000000001001110 
1000000011011001 
1000000011111010 
1000000001000100 
0111111100010001 
0111111001001000 
0111111010011111 
0111111111110101 
1000000101000000 
1000000110101001 
1000000100000100 
0111111111111101 
0111111101100010 
0111111101100101 
0111111111000000 
1000000000001011 
1000000000000011 
0111111111010101 
0111111110010000 
0111111110000001 
0111111111000100 
1000000001000111 
1000000010110101 
1000000011010101 
1000000010010000 
0111111111111001 
0111111101111110 
0111111101100011 
0111111110011110 
0111111111110011 
1000000000110100 
1000000001100001 
1000000001101001 
1000000001010011 
1000000000011010 
0111111111001101 
0111111110001111 
0111111101111111 
0111111110110011 
1000000000011100 
1000000010010100 
1000000011101101 
1000000011010111 
1000000001000000 
0111111110000000 
0111111100001100 
0111111100111011 
0111111111100010 
1000000001110001 
1000000010001111 
1000000000110001 
0111111111000001 
0111111110101000 
0111111111011100 
1000000000100011 
1000000001001000 
1000000000110110 
1000000000011111 
1000000000010100 
1000000000100011 
1000000000110000 
0111111111111101 
0111111110101001 
0111111110000000 
0111111110100110 
1000000000100001 
1000000010010000 
1000000010011101 
1000000001010001 
0111111111101000 
0111111110101100 
0111111110100111 
0111111111001100 
1000000000010101 
1000000001111000 
1000000011010010 
1000000011010101 
1000000001111011 
0111111111001110 
0111111100100000 
0111111011001001 
0111111011110000 
0111111110110000 
1000000010100111 
1000000101001101 
1000000101011100 
1000000010111111 
0111111111011111 
0111111100111011 
0111111011101011 
0111111100000110 
0111111101111000 
1000000000100010 
1000000011100111 
1000000101011110 
1000000100111000 
1000000010000100 
0111111110000110 
0111111011100001 
0111111011111101 
0111111110111101 
1000000010000110 
1000000011011100 
1000000010010101 
1000000000001011 
0111111110011110 
0111111110011011 
0111111111101011 
1000000000111110 
1000000001010100 
1000000000101011 
1000000000000100 
0111111111111110 
1000000000101011 
1000000001011010 
1000000001001000 
1000000000000110 
0111111111001011 
0111111111001000 
0111111111110110 
1000000000100000 
1000000000100111 
1000000000010000 
0111111111111111 
1000000000000100 
1000000000001010 
0111111111111010 
0111111111100010 
0111111111011110 
1000000000010000 
1000000001000100 
1000000001010110 
1000000001010001 
1000000001000101 
1000000001000000 
1000000001000000 
1000000000101101 
0111111111110101 
0111111110111100 
0111111110100101 
0111111110111100 
1000000000000001 
1000000000111101 
1000000001011011 
1000000001001001 
1000000000001111 
0111111111000110 
0111111110011100 
0111111110111110 
1000000000100100 
1000000010000110 
1000000010011011 
1000000001011001 
0111111111101110 
0111111110100011 
0111111110111100 
1000000000010100 
1000000001001101 
1000000000111111 
0111111111101011 
0111111110110110 
0111111111001111 
1000000000011000 
1000000001011101 
1000000001100010 
1000000000100100 
0111111111011101 
0111111110110011 
0111111111000101 
1000000000001101 
1000000001100111 
1000000010101100 
1000000010110000 
1000000001100011 
0111111111100111 
0111111110000111 
0111111101111001 
0111111110111001 
1000000000000010 
1000000000100001 
1000000000110000 
1000000000111001 
1000000001000111 
1000000001100010 
1000000001101110 
1000000001011101 
1000000000110111 
1000000000000001 
0111111111001011 
0111111110000101 
0111111101100000 
0111111101110110 
0111111111001000 
1000000001100100 
1000000100001101 
1000000101100101 
1000000101000111 
1000000011000100 
1000000000001001 
0111111101100010 
0111111100000011 
0111111011110101 
0111111100111100 
0111111111001010 
1000000010000010 
1000000100011100 
1000000101000111 
1000000011001110 
0111111111011100 
0111111100011001 
0111111011101110 
0111111101101111 
1000000001010110 
1000000011111110 
1000000100011000 
1000000010101011 
1000000000010011 
0111111110011101 
0111111101111110 
0111111110101011 
0111111111111010 
1000000000110111 
1000000001011100 
1000000001010100 
1000000000100101 
1000000000000000 
0111111111100110 
0111111111100001 
0111111111101100 
1000000000001111 
1000000001000000 
1000000001100111 
1000000001011010 
1000000000001111 
0111111110100011 
0111111101001011 
0111111100111010 
0111111110001110 
1000000000010001 
1000000001100011 
1000000001110000 
1000000000101111 
0111111111001100 
0111111110001011 
0111111110101110 
1000000000001110 
1000000010001000 
1000000011001000 
1000000010011000 
1000000000100101 
0111111110101011 
0111111101110101 
0111111110001100 
0111111111011011 
1000000000011001 
1000000001000000 
1000000001010001 
1000000001010001 
1000000000111101 
1000000000010101 
0111111111010001 
0111111110101000 
0111111110101110 
0111111111110011 
1000000001000111 
1000000001110111 
1000000001111011 
1000000001010001 
1000000000001111 
0111111111010101 
0111111110001011 
0111111100010010 
0111111001111100 
0111110111101100 
0111110110111100 
0111111001110100 
1000000010000001 
1000001111001011 
1000011101110110 
1000100110011100 
1000100001010001 
1000001010110111 
0111101000110000 
0111001001001110 
0110111100010101 
0111001011100101 
0111110011000101 
1000100010001000 
1001000011100111 
1001000111101011 
1000101101000111 
1000000000101010 
0111010110001010 
0110111111111000 
0111000101111011 
0111100011001101 
1000001001000110 
1000100111001110 
1000110010100101 
1000101001110010 
1000010100011001 
0111111100000100 
0111101001111101 
0111100010001110 
0111100100111001 
0111101110100110 
0111111010111011 
1000000101101001 
1000001100101110 
1000001111100100 
1000001110101010 
1000001011000011 
1000000101000001 
0111111110000000 
0111110111011011 
0111110011100110 
0111110011110110 
0111111000010000 
0111111111001001 
1000000110000000 
1000001010010110 
1000001011001010 
1000001000100111 
1000000011110011 
0111111110010000 
0111111001110010 
0111110111000101 
0111110111001010 
0111111001110000 
0111111101101111 
1000000001110110 
1000000101001010 
1000000110111100 
1000000111010100 
1000000101101111 
1000000010011010 
0111111110000111 
0111111010000100 
0111111000001000 
0111111001011010 
0111111101100010 
1000000010110010 
1000000110110100 
1000000111110101 
1000000101101000 
1000000001011111 
0111111101011111 
0111111011000010 
0111111011001111 
0111111101010101 
1000000000001110 
1000000010101011 
1000000011110101 
1000000011011101 
1000000001111100 
1000000000000001 
0111111110100000 
0111111110000101 
0111111110011001 
0111111110111111 
0111111111101110 
1000000000001011 
1000000000100101 
1000000000111110 
1000000001010001 
1000000001010001 
1000000000110110 
1000000000001000 
0111111111011101 
0111111111010001 
0111111111011010 
0111111111100111 
0111111111011111 
0111111111010000 
0111111111010011 
1000000000001001 
1000000001011101 
1000000010001100 
1000000001110010 
1000000000010010 
0111111110110001 
0111111110001100 
0111111111000110 
1000000000100101 
1000000001101001 
1000000001100000 
1000000000110010 
0111111111111011 
0111111111011001 
0111111111011011 
0111111111101001 
0111111111110111 
0111111111110110 
0111111111101110 
1000000000000001 
1000000000110000 
1000000001011000 
1000000001100000 
1000000000110111 
0111111111110001 
0111111110100001 
0111111101111000 
0111111110011001 
1000000000000010 
1000000001111000 
1000000011001000 
1000000010110101 
1000000001001111 
0111111111011000 
0111111110001111 
0111111110011101 
0111111111111011 
1000000001100000 
1000000010010000 
1000000001110010 
1000000000010111 
0111111111000011 
0111111110001010 
0111111110010111 
0111111111011100 
1000000000110010 
1000000001011001 
1000000000110110 
0111111111011100 
0111111110011001 
0111111110100000 
0111111111111010 
1000000001010110 
1000000010001000 
1000000001101001 
1000000000001000 
0111111110101001 
0111111110000001 
0111111110110001 
1000000000110000 
1000000011000011 
1000000011111010 
1000000010100010 
0111111111111000 
0111111101100101 
0111111100111010 
0111111110011000 
1000000000100100 
1000000010011100 
1000000010111011 
1000000010001100 
1000000000111000 
0111111111011110 
0111111110010011 
0111111101110001 
0111111110100011 
1000000000001001 
1000000001110111 
1000000010011110 
1000000001111011 
1000000000100000 
0111111110111101 
0111111110010000 
0111111110011000 
0111111111010011 
1000000000010011 
1000000000111010 
1000000001001101 
1000000001011010 
1000000001100011 
1000000001100001 
1000000001001111 
1000000000101111 
0111111111110110 
0111111111000001 
0111111110110001 
0111111110110100 
0111111111010000 
1000000000010011 
1000000001011111 
1000000001111101 
1000000001111101 
1000000001011110 
1000000000010001 
0111111110111111 
0111111110001010 
0111111110001110 
0111111111010010 
1000000001000100 
1000000010101010 
1000000011001011 
1000000010001110 
1000000000010101 
0111111110101100 
0111111110000101 
0111111110101001 
0111111111101111 
1000000000111011 
1000000001001110 
1000000000110100 
1000000000001000 
1000000000010010 
1000000001000000 
1000000001101110 
1000000001111100 
1000000001010101 
0111111111111111 
0111111110110000 
0111111110010001 
0111111110101111 
0111111111110100 
1000000000111011 
1000000001101001 
1000000001011001 
1000000000101010 
0111111111101010 
0111111111000111 
0111111110111001 
0111111111010110 
0111111111110100 
1000000000100011 
1000000001010000 
1000000001010000 
1000000000111101 
1000000000001110 
0111111111101100 
0111111111011011 
0111111111100101 
1000000000000001 
1000000000100010 
1000000000111001 
1000000000111110 
1000000000110001 
1000000000011111 
1000000000000000 
0111111111011001 
0111111111000000 
0111111110111010 
0111111111011000 
1000000000011101 
1000000001110100 
1000000010100110 
1000000010011100 
1000000001011011 
1000000000001100 
0111111111010000 
0111111110110111 
0111111110101111 
0111111111000001 
0111111111100011 
1000000000011000 
1000000001001011 
1000000001100011 
1000000001100111 
1000000001011011 
1000000001011000 
1000000001010001 
1000000000111100 
1000000000010100 
0111111111011110 
0111111110110000 
0111111110100001 
0111111110110010 
0111111111011111 
1000000000011001 
1000000001000001 
1000000001000011 
1000000000100011 
0111111111110100 
0111111111011001 
0111111111011010 
0111111111101010 
0111111111111010 
0111111111111001 
0111111111101100 
0111111111101110 
1000000000001111 
1000000000100110 
1000000000101010 
1000000000001010 
0111111111101101 
0111111111010111 
0111111111100010 
1000000000001000 
1000000000011100 
1000000000001111 
0111111111100001 
0111111110111011 
0111111110101010 
0111111110111000 
0111111111011101 
0111111111100110 
0111111111001010 
0111111110010111 
0111111101110110 
0111111110000010 
0111111110100110 
0111111111010111 
0111111111111001 
0111111111110100 
0111111111011110 
0111111111000111 
0111111111000101 
0111111111010000 
0111111111100110 
1000000000001010 
1000000000110010 
1000000001010111 
1000000001011101 
1000000001000100 
1000000000001110 
0111111111010000 
0111111110001100 
0111111110000100 
0111111110110101 
1000000000001111 
1000000001111001 
1000000010110011 
1000000010011001 
1000000001001001 
0111111111011101 
0111111110010100 
0111111110000011 
0111111110100100 
0111111111011010 
1000000000010111 
1000000000101110 
1000000001000000 
1000000001010011 
1000000001010011 
1000000001001101 
1000000001000010 
1000000000100111 
1000000000000110 
0111111111100000 
0111111111001100 
0111111111011100 
0111111111111100 
1000000000100001 
1000000000111110 
1000000001001011 
1000000001010001 
1000000000111110 
1000000000010010 
0111111111110000 
0111111111100001 
0111111111110001 
1000000000001001 
1000000000101011 
1000000000111101 
1000000001000010 
1000000000111111 
1000000000100100 
1000000000001010 
1000000000000011 
1000000000001001 
1000000000011100 
1000000000100010 
1000000000100001 
1000000000010100 
1000000000000101 
0111111111110001 
0111111111100100 
0111111111110111 
1000000000000110 
1000000000010111 
1000000000101011 
1000000000100101 
1000000000001101 
0111111111110101 
0111111111110011 
1000000000001011 
1000000000110101 
1000000001101000 
1000000001110111 
1000000001011111 
1000000000100011 
0111111111010110 
0111111110101001 
0111111110110001 
0111111111010100 
1000000000010011 
1000000000111111 
1000000001001100 
1000000000110110 
1000000000000110 
0111111111000001 
0111111110010010 
0111111110001100 
0111111110110110 
0111111111111111 
1000000001000010 
1000000001101111 
1000000001010001 
1000000000010001 
0111111111010011 
0111111110110111 
0111111111001001 
0111111111110111 
1000000000100001 
1000000000111011 
1000000000111010 
1000000000110110 
1000000000110000 
1000000000100001 
0111111111111011 
0111111111010010 
0111111110111011 
0111111110111100 
0111111111010101 
0111111111110000 
0111111111111110 
0111111111111001 
0111111111011101 
0111111111010010 
0111111111101100 
1000000000100000 
1000000000111111 
1000000000110001 
1000000000010000 
0111111111100100 
0111111110110111 
0111111110101001 
0111111110110000 
0111111111000101 
0111111111011001 
0111111111101100 
1000000000000000 
0111111111111100 
0111111111111000 
0111111111110101 
0111111111101011 
0111111111110001 
1000000000000001 
1000000000010100 
1000000000011000 
1000000000010101 
0111111111111100 
0111111111011011 
0111111111000000 
0111111110101111 
0111111110110101 
0111111111000110 
0111111111010111 
0111111111100001 
0111111111100011 
0111111111100011 
0111111111011010 
0111111111011100 
0111111111110001 
1000000000001010 
1000000000011000 
1000000000010111 
0111111111111101 
0111111111100010 
0111111111000010 
0111111110101010 
0111111110101100 
0111111111000110 
0111111111110001 
1000000000101100 
1000000001010100 
1000000001001111 
1000000000011110 
0111111111010110 
0111111110010000 
0111111101110001 
0111111110000111 
0111111111001100 
1000000000011011 
1000000000111110 
1000000000111000 
1000000000001101 
0111111111001001 
0111111110100111 
0111111110111100 
0111111111110000 
1000000000101000 
1000000001000000 
1000000000111101 
1000000000100110 
1000000000000010 
0111111111110001 
0111111111100000 
0111111111001111 
0111111111001100 
0111111111101101 
1000000000010101 
1000000000101100 
1000000000101011 
1000000000001100 
0111111111101111 
0111111111100111 
0111111111110001 
1000000000000011 
1000000000001001 
1000000000001101 
1000000000011000 
1000000000110000 
1000000000111000 
1000000000110000 
1000000000001111 
0111111111011110 
0111111110110100 
0111111110101110 
0111111111001100 
0111111111110101 
1000000000101110 
1000000001011010 
1000000001011101 
1000000001000000 
1000000000000111 
0111111111011010 
0111111110111111 
0111111111010000 
0111111111100111 
1000000000001100 
1000000000100011 
1000000000110110 
1000000001000101 
1000000001000101 
1000000001000011 
1000000000101011 
1000000000001000 
0111111111100010 
0111111111001101 
0111111111001110 
0111111111001111 
0111111111100110 
1000000000000010 
1000000000100100 
1000000001001000 
1000000001001000 
1000000000101000 
1000000000000000 
0111111111010111 
0111111111000010 
0111111111001000 
0111111111110111 
1000000000101100 
1000000001000101 
1000000000111101 
1000000000100010 
1000000000001000 
0111111111110110 
0111111111101110 
0111111111111000 
1000000000001111 
1000000000011011 
1000000000101001 
1000000000101010 
1000000000100000 
1000000000010001 
0111111111111110 
0111111111011110 
0111111111001111 
0111111111011011 
0111111111110110 
1000000000010101 
1000000000100101 
1000000000100111 
1000000000011011 
0111111111111111 
0111111111101000 
0111111111101100 
0111111111110110 
1000000000001010 
1000000000011110 
1000000000100110 
1000000000011000 
0111111111111001 
0111111111100100 
0111111111011011 
0111111111100001 
0111111111110101 
1000000000000111 
1000000000001011 
1000000000000000 
0111111111110101 
0111111111100101 
0111111111101011 
1000000000000011 
1000000000000000 
0111111111101010 
0111111111011011 
0111111111001100 
0111111111011000 
0111111111101101 
1000000000001101 
1000000000010111 
1000000000010101 
1000000000000101 
0111111111111100 
0111111111111000 
0111111111111010 
0111111111111111 
0111111111110111 
0111111111011111 
0111111111001011 
0111111111001010 
0111111111101001 
1000000000010010 
1000000000110100 
1000000001000110 
1000000000110011 
1000000000000010 
0111111111011011 
0111111110111111 
0111111110111011 
0111111111010001 
0111111111110000 
1000000000001010 
1000000000010100 
1000000000001011 
0111111111110110 
0111111111110000 
0111111111100010 
0111111111011001 
0111111111011101 
0111111111011111 
0111111111011111 
0111111111011011 
0111111111010111 
0111111111101110 
1000000000000101 
1000000000011000 
1000000000101101 
1000000000110101 
1000000000110010 
1000000000100001 
0111111111111001 
0111111111001111 
0111111111000010 
0111111110110100 
0111111110111001 
0111111110111111 
0111111111000010 
0111111111001010 
0111111111010010 
0111111111010000 
0111111111010000 
0111111111001001 
0111111110111001 
0111111110101100 
0111111110100111 
0111111110100010 
0111111110100010 
0111111110101101 
0111111110111101 
0111111111001100 
0111111111010100 
0111111111011110 
0111111111101000 
1000000000001000 
1000000000100010 
1000000000101011 
1000000000101110 
1000000000111001 
1000000000101110 
1000000000011011 
0111111111111110 
0111111111101100 
0111111111101010 
0111111111100011 
0111111111100001 
0111111111110010 
1000000000000111 
1000000000010000 
1000000000010011 
1000000000000010 
0111111111101111 
0111111111100010 
0111111111010000 
0111111110111111 
0111111111000011 
0111111111011001 
1000000000000000 
1000000000100011 
1000000001000000 
1000000001000110 
1000000000110101 
1000000000000111 
0111111111101000 
0111111111011001 
0111111111011111 
0111111111110100 
0111111111111100 
1000000000000011 
1000000000010010 
1000000000010010 
1000000000010001 
1000000000010010 
1000000000010001 
1000000000000100 
0111111111110000 
0111111111010110 
0111111110110110 
0111111110110101 
0111111111001111 
0111111111110001 
1000000000000101 
1000000000010110 
1000000000010111 
1000000000001100 
1000000000000111 
1000000000010010 
1000000000011100 
1000000000011001 
0111111111111110 
0111111111110011 
0111111111100110 
0111111111100110 
0111111111110100 
1000000000000010 
1000000000001101 
1000000000001000 
0111111111111001 
0111111111110010 
0111111111110011 
1000000000000101 
1000000000011100 
1000000000101010 
1000000000100000 
0111111111110110 
0111111111011010 
0111111111000001 
0111111110111011 
0111111111000100 
0111111111011000 
0111111111110100 
1000000000001000 
1000000000001101 
0111111111111011 
0111111111101101 
0111111111101000 
0111111111011000 
0111111111011000 
0111111111100000 
0111111111101111 
0111111111110110 
0111111111101101 
0111111111100101 
0111111111100111 
0111111111110101 
1000000000001101 
1000000000100001 
1000000000101001 
1000000000001101 
0111111111110010 
0111111111011001 
0111111111000011 
0111111110111111 
0111111110111000 
0111111111001011 
0111111111011111 
0111111111100110 
0111111111110101 
0111111111111110 
1000000000000011 
0111111111111111 
1000000000000001 
1000000000000001 
0111111111111010 
0111111111101101 
0111111111011001 
0111111111001101 
0111111111000011 
0111111111000011 
0111111111010111 
0111111111110110 
1000000000000110 
1000000000001001 
0111111111110101 
0111111111011001 
0111111111001101 
0111111111010011 
0111111111100010 
1000000000000011 
1000000000010011 
1000000000010000 
1000000000000001 
0111111111110011 
0111111111101011 
0111111111011110 
0111111111100001 
0111111111101101 
0111111111101001 
0111111111011111 
0111111111011011 
0111111111100000 
0111111111100111 
0111111111111001 
1000000000001010 
1000000000010110 
1000000000010110 
1000000000000101 
0111111111101001 
0111111111001001 
0111111110110101 
0111111111000010 
0111111111100011 
1000000000000001 
1000000000010101 
1000000000001011 
0111111111101100 
0111111111001111 
0111111110110111 
0111111110111001 
0111111111010010 
0111111111110100 
1000000000001011 
1000000000011100 
1000000000001101 
1000000000000100 
0111111111110011 
0111111111101001 
0111111111011100 
0111111111001111 
0111111111001100 
0111111111001100 
0111111111011000 
0111111111110001 
1000000000010110 
1000000000110111 
1000000000111000 
1000000000001111 
0111111111011100 
0111111110100111 
0111111110010101 
0111111110100111 
0111111111011101 
1000000000011011 
1000000001000001 
1000000001001001 
1000000000101010 
0111111111101111 
0111111110110011 
0111111110010111 
0111111110010011 
0111111110101110 
0111111111010110 
0111111111111101 
1000000000011100 
1000000000010011 
0111111111110111 
0111111111010101 
0111111110111010 
0111111110110010 
0111111110111110 
0111111111001011 
0111111111011100 
0111111111101000 
0111111111101111 
0111111111101101 
0111111111100101 
0111111111101000 
0111111111100110 
0111111111110000 
0111111111111111 
1000000000000100 
1000000000011000 
1000000000011011 
1000000000000100 
0111111111010000 
0111111110101000 
0111111110001100 
0111111110010110 
0111111110111111 
0111111111100010 
0111111111111101 
0111111111110100 
0111111111011110 
0111111111000001 
0111111110101110 
0111111110110010 
0111111111001111 
0111111111101000 
0111111111110110 
0111111111101111 
0111111111011011 
0111111111000101 
0111111110111101 
0111111111000011 
0111111111001001 
0111111111000111 
0111111111001011 
0111111111001110 
0111111111010000 
0111111111001110 
0111111111011000 
0111111111101100 
0111111111111110 
1000000000010101 
1000000000011000 
1000000000001111 
0111111111111001 
0111111111011101 
0111111111010100 
0111111111001110 
0111111111100001 
0111111111110100 
1000000000000010 
1000000000000001 
0111111111110100 
0111111111011001 
0111111110111110 
0111111110110010 
0111111111000001 
0111111111010100 
0111111111100011 
0111111111110010 
0111111111111000 
1000000000000001 
1000000000001100 
1000000000010111 
1000000000010101 
1000000000011000 
1000000000011011 
1000000000010100 
0111111111111010 
0111111111101010 
0111111111011110 
0111111111101011 
0111111111110101 
0111111111110101 
0111111111110100 
0111111111111101 
1000000000000111 
1000000000000111 
1000000000001011 
1000000000001110 
1000000000001000 
0111111111111101 
0111111111111010 
1000000000001011 
1000000000011011 
1000000000100000 
1000000000101000 
1000000000100101 
1000000000010010 
0111111111111000 
0111111111101000 
0111111111100001 
0111111111011000 
0111111111011100 
0111111111100001 
0111111111101000 
0111111111110111 
1000000000000011 
1000000000001111 
1000000000010011 
1000000000010110 
1000000000010111 
1000000000011110 
1000000000110011 
1000000001001010 
1000000001011110 
1000000001010101 
1000000000111011 
1000000000011001 
1000000000000100 
0111111111110100 
0111111111110010 
0111111111110101 
0111111111111101 
1000000000000100 
0111111111111110 
0111111111110110 
1000000000000000 
1000000000001100 
1000000000010010 
1000000000011001 
1000000000101011 
1000000001000001 
1000000001000110 
1000000000110001 
1000000000010101 
0111111111101011 
0111111100001111 
0111110101110011 
0111101110011000 
0111100111001100 
0111011111110010 
0111010010111000 
0111001100011111 
0111011001011111 
0111101010101101 
0111110100000000 
0111110101110000 
0111110101010011 
0111110101110110 
0111110111100011 
0111111001010111 
0111111010101010 
0111111011011111 
0111111100010011 
0111111100111110 
0111111101100111 
0111111110000101 
0111111110011001 
0111111110100111 
0111111111000000 
0111111111001001 
0111111111001101 
0111111111010110 
0111111111100000 
0111111111101011 
0111111111101100 
0111111111110001 
0111111111110111 
0111111111110111 
0111111111110110 
0111111111110111 
0111111111110111 
0111111111110001 
0111111111110110 
0111111111111001 
0111111111111110 
0111111111111000 
0111111111111010 
0111111111111011 
0111111111111010 
0111111111111101 
0111111111111101 
0111111111111101 
