1000011000111001 
1000001001001100 
0111111000101100 
0111110100010101 
0111110100110100 
0111111001011101 
1000000001011001 
1000000100011010 
1000000001010000 
0111111100001101 
1000000101001110 
1000001011111100 
1000000001111101 
0111110010111001 
0111111000110101 
1000000010001011 
1000000010001010 
1000000001010101 
1000000011011011 
1000000110110101 
1000000110111000 
1000000100010100 
1000000001010010 
0111111111010000 
0111111111001010 
1000000000001000 
1000000000001111 
0111111110110110 
0111111101010101 
0111111101011011 
0111111110001010 
0111111110010111 
0111111110001101 
0111111110000111 
0111111110100101 
0111111111010100 
0111111111101110 
0111111110100100 
0111111110101010 
0111111111000001 
0111111111010101 
0111111111100000 
0111111111011011 
0111111101010010 
0111111001111111 
0111111101110000 
1000000010010010 
1000000101001100 
1000000011011111 
1000000000110111 
0111111101010110 
0111110110110111 
0111110100111100 
0111111001000010 
1000000100000011 
1000001101011110 
1000001110111101 
1000000110001010 
0111111011110101 
0111110110111010 
0111111000011000 
0111111100101010 
1000000011111011 
1000001001100000 
1000001000100010 
1000000011001111 
0111111110101000 
0111111101000100 
0111111101110110 
0111111111001101 
1000000000000110 
1000000000110010 
1000000001001100 
1000000000111010 
0111111111111011 
0111111110101111 
0111111110010000 
0111111110110010 
0111111111111000 
1000000000101000 
1000000000101100 
1000000000001111 
0111111111111001 
0111111111101110 
0111111111100001 
0111111111011001 
0111111111100011 
1000000000001111 
1000000000100001 
1000000000011101 
1000000000011100 
1000000000011100 
1000000000001000 
0111111111100110 
0111111111011100 
0111111111100100 
0111111111101111 
0111111111110110 
0111111111111100 
1000000000000001 
1000000000010001 
1000000000101001 
1000000000110011 
1000000000011001 
0111111111011101 
0111111110101010 
0111111110011111 
0111111111011100 
1000000000100100 
1000000001000111 
1000000001001000 
1000000001010001 
1000000001001001 
1000000000011100 
0111111111000010 
0111111110000011 
0111111110010011 
0111111111111000 
1000000001010100 
1000000001010111 
1000000000010100 
0111111111100110 
0111111111101101 
0111111111101010 
0111111111100010 
0111111111101100 
1000000000011010 
1000000001000100 
1000000001000011 
1000000000101010 
1000000000010101 
0111111111111111 
0111111111111001 
1000000000000100 
1000000000010101 
1000000000011111 
1000000000010011 
1000000000001101 
1000000000001011 
0111111111101010 
0111111111000011 
0111111110111111 
0111111111011001 
0111111111101100 
0111111111111010 
0111111111111101 
1000000000001100 
1000000000101101 
1000000000101101 
0111111111110001 
0111111110100110 
0111111110001101 
0111111111001100 
1000000000011010 
1000000000011110 
0111111111101110 
0111111111001001 
0111111111000010 
0111111110110100 
0111111110110100 
0111111111000001 
0111111111010011 
0111111111010011 
0111111111001101 
0111111111011100 
0111111111111000 
1000000000000110 
1000000000001111 
1000000000001010 
1000000000000111 
1000000000000000 
0111111111101111 
0111111111100000 
0111111111101111 
1000000000001010 
1000000000011010 
1000000000010000 
1000000000000110 
1000000000000000 
0111111111011101 
0111111111000001 
0111111111001001 
0111111111111100 
1000000000011101 
1000000000000101 
0111111111011111 
0111111111100100 
0111111111110000 
0111111111011111 
0111111111000101 
0111111111001011 
0111111111111001 
1000000001000000 
1000000001011110 
1000000000111101 
0111111111100111 
0111111110100101 
0111111111000010 
1000000000010111 
1000000001010010 
1000000000110101 
0111111111101001 
0111111111010011 
0111111111110000 
1000000000000001 
0111111111101011 
0111111111100001 
1000000000000010 
1000000000011111 
1000000000000101 
0111111111011011 
0111111111011101 
1000000000000111 
1000000000011010 
1000000000010001 
1000000000000101 
0111111111111100 
0111111111110101 
1000000000000110 
1000000000100011 
1000000000010100 
0111111111100110 
0111111111100000 
1000000000001011 
1000000000100100 
1000000000000000 
0111111111011011 
0111111111111001 
1000000001000100 
1000000001001011 
0111111111101100 
0111111110010110 
0111111110100101 
0111111111111101 
1000000000111010 
1000000001000100 
1000000000011001 
0111111111101001 
0111111110111110 
0111111111000010 
1000000000001000 
1000000001001000 
1000000000111011 
0111111111011111 
0111111110001100 
0111111110010011 
0111111111011100 
1000000001000011 
1000000010000100 
1000000001010111 
0111111111101100 
0111111110110111 
0111111111101000 
0111111111111000 
0111111111100001 
0111111111011110 
1000000000011111 
1000000001100001 
1000000001100011 
1000000000100111 
0111111111101100 
0111111110110101 
0111111110110100 
0111111111001011 
0111111111111110 
1000000001010101 
1000000001101011 
1000000000011100 
0111111110110110 
0111111110010111 
0111111111101000 
1000000001010010 
1000000010000011 
1000000001010011 
0111111111010011 
0111111101101011 
0111111101100111 
0111111111000001 
1000000000101001 
1000000001100100 
1000000001111010 
1000000001010110 
0111111111110100 
0111111110011101 
0111111101111011 
0111111110111101 
0111111111111001 
1000000000100110 
1000000000110000 
1000000000101101 
1000000000100011 
1000000000000101 
0111111111101100 
0111111111101010 
0111111111111110 
1000000000001011 
0111111111111011 
0111111111111110 
1000000000011000 
1000000000011011 
1000000000001011 
1000000000001111 
1000000000100111 
1000000000100101 
0111111111111010 
0111111111100111 
1000000000000000 
1000000000001000 
0111111111111000 
0111111111100101 
1000000000000110 
1000000000101010 
1000000000001011 
0111111110111100 
0111111110100111 
0111111111111000 
1000000001000110 
1000000000101101 
0111111111010000 
0111111110110100 
0111111111100010 
1000000000010111 
1000000000011111 
1000000000001101 
0111111111111000 
0111111111010111 
0111111111010001 
1000000000001110 
1000000001011110 
1000000001100011 
0111111111110110 
0111111110010110 
0111111110100110 
1000000000011110 
1000000001110000 
1000000001000110 
0111111111110011 
0111111111001110 
0111111111111011 
1000000000110101 
1000000000110100 
0111111111110011 
0111111111000101 
0111111111001011 
0111111111101101 
1000000000000001 
0111111111111100 
1000000000001101 
1000000000101101 
1000000000100010 
0111111111011101 
0111111110100100 
0111111111001000 
1000000000010110 
1000000000110001 
1000000000100101 
1000000000101011 
1000000000101111 
0111111111110000 
0111111110001011 
0111111101111001 
0111111111110000 
1000000001101011 
1000000010001010 
1000000001000100 
0111111111101110 
0111111111001011 
0111111110111100 
0111111111000000 
0111111111011110 
0111111111111001 
1000000000011010 
1000000000111111 
1000000001000011 
1000000000010010 
0111111111001011 
0111111110100011 
0111111110110100 
0111111111100100 
1000000000101011 
1000000001110011 
1000000001100010 
0111111111111101 
0111111110100010 
0111111110101000 
0111111111011011 
1000000000001000 
1000000000011100 
1000000000110111 
1000000001010001 
1000000000101110 
0111111111000111 
0111111110000010 
0111111110101111 
1000000000101000 
1000000001010110 
1000000000010010 
0111111111001010 
0111111111100111 
1000000000110011 
1000000001000001 
0111111111101100 
0111111110101000 
0111111110111111 
0111111111111100 
1000000000010100 
1000000000001111 
1000000000100110 
1000000001000101 
1000000000101010 
0111111111011001 
0111111110011010 
0111111110110100 
1000000000000111 
1000000001010101 
1000000001011111 
1000000000110001 
0111111111101110 
0111111111010001 
0111111111100111 
0111111111111000 
0111111111011000 
0111111111000100 
1000000000000001 
1000000001011110 
1000000001110000 
1000000000001111 
0111111110100010 
0111111110011000 
0111111111011010 
1000000000010001 
1000000000100011 
1000000000010111 
1000000000001100 
0111111111100011 
0111111110111111 
0111111110110100 
0111111111001111 
1000000000010010 
1000000001010100 
1000000001011101 
1000000000101110 
0111111111100110 
0111111110110101 
0111111110110110 
0111111111100101 
1000000000011000 
1000000000110011 
1000000000101100 
1000000000011001 
1000000000010111 
1000000000011000 
1000000000000000 
0111111111001000 
0111111110011110 
0111111111000011 
1000000000110011 
1000000010000000 
1000000001011000 
0111111111111010 
0111111111000100 
0111111111001001 
0111111111010101 
0111111110111111 
0111111110111011 
0111111111110111 
1000000001101000 
1000000010101010 
1000000001100110 
0111111111010011 
0111111101110110 
0111111110001110 
0111111111110000 
1000000000101100 
1000000000011101 
0111111111101011 
0111111111110100 
1000000001101000 
1000000010100100 
1000000000111001 
0111111101100100 
0111111100100010 
0111111111000001 
1000000001111010 
1000000010000001 
1000000000000001 
0111111110101010 
0111111111011110 
1000000000101000 
1000000000111010 
1000000000001011 
0111111111001010 
0111111111010110 
1000000000010000 
1000000000110010 
1000000000101000 
1000000000001000 
0111111111110100 
0111111111010101 
0111111110101010 
0111111110101110 
1000000000000100 
1000000001110101 
1000000010010011 
1000000001001110 
0111111111101010 
0111111110001010 
0111111101011011 
0111111101111010 
1000000000001010 
1000000010101101 
1000000011010011 
1000000000111010 
0111111101111010 
0111111100111101 
0111111110101011 
1000000001010001 
1000000010011010 
1000000001100000 
0111111111100100 
0111111110001111 
0111111110011011 
1000000000000100 
1000000001100010 
1000000001110100 
1000000000110111 
0111111111011110 
0111111110101111 
0111111110010100 
0111111110010000 
0111111111000101 
1000000001010101 
1000000011001010 
1000000010111101 
0111111111110101 
0111111100101101 
0111111100010011 
0111111110011010 
1000000000100010 
1000000001001100 
1000000001000010 
1000000001101101 
1000000010011101 
1000000001011111 
0111111110101011 
0111111100100100 
0111111100111000 
0111111111010101 
1000000001110100 
1000000010011011 
1000000000111111 
0111111110111111 
0111111110011000 
0111111111101100 
1000000001101001 
1000000001111000 
0111111111111010 
0111111101111101 
0111111101101101 
0111111111101110 
1000000010001110 
1000000010111000 
1000000001001000 
0111111110010101 
0111111101010101 
0111111111000000 
1000000001000110 
1000000001010000 
0111111111010000 
0111111101111011 
0111111111010100 
1000000010000100 
1000000011100010 
1000000010010101 
0111111111011000 
0111111101001110 
0111111101101010 
0111111111100111 
1000000000110010 
1000000000011100 
0111111111010111 
0111111111000010 
1000000000001001 
1000000001100111 
1000000001110011 
1000000000011101 
0111111110110000 
0111111110011010 
0111111111011000 
1000000000100010 
1000000000111101 
1000000000011110 
0111111111101001 
0111111111001011 
0111111111010010 
0111111111111011 
1000000000100111 
1000000000110111 
1000000000111110 
1000000000100000 
0111111111010101 
0111111110010101 
0111111101101001 
0111111110010001 
1000000000100100 
1000000011000011 
1000000011101110 
1000000010000010 
0111111111000101 
0111111100101101 
0111111011111101 
0111111101011001 
1000000000101100 
1000000011111000 
1000000100100100 
1000000010001111 
0111111111001001 
0111111100101100 
0111111011011111 
0111111100100101 
0111111111111100 
1000000011011110 
1000000100001110 
1000000001011110 
0111111110100011 
0111111110110100 
1000000001001111 
1000000001111011 
0111111111001111 
0111111100110011 
0111111101010111 
0111111111111000 
1000000001011100 
1000000001011110 
1000000000111000 
1000000001000101 
1000000000111000 
1000000000000000 
0111111111001010 
0111111110100010 
0111111110000101 
0111111110000110 
0111111110111011 
1000000000011011 
1000000001100011 
1000000001101100 
1000000001111000 
1000000010001010 
1000000001100101 
0111111111100100 
0111111101011001 
0111111100001001 
0111111100100011 
0111111110011011 
1000000001001011 
1000000011010000 
1000000011010001 
1000000001010011 
0111111111001110 
0111111110100000 
0111111110100011 
0111111110100100 
0111111111001001 
1000000001011001 
1000000011100111 
1000000010111001 
0111111110100010 
0111111010111000 
0111111011001111 
0111111111001001 
1000000011000000 
1000000100010110 
1000000011000000 
1000000000100010 
0111111110110111 
0111111110001000 
0111111110000011 
0111111110100100 
0111111111111010 
1000000000110101 
1000000000010110 
0111111111011101 
0111111111100100 
0111111111101100 
1000000000010000 
1000000000110100 
1000000000100110 
1000000000011100 
0111111111111011 
0111111111010111 
0111111110100110 
0111111110011111 
0111111111100010 
1000000001010100 
1000000010010111 
1000000001100100 
0111111111100001 
0111111101110011 
0111111101011110 
0111111110110011 
1000000000101100 
1000000010000101 
1000000010010010 
1000000001000011 
0111111111010101 
0111111110101111 
0111111111100010 
1000000000100110 
1000000000000001 
0111111110100110 
0111111110110100 
1000000000111000 
1000000010011101 
1000000001010100 
0111111110101000 
0111111100111110 
0111111101100110 
0111111111011101 
1000000001101101 
1000000011001111 
1000000011010011 
1000000000011111 
0111111100011111 
0111111011101111 
0111111111110010 
1000000100100101 
1000000100000010 
0111111101110111 
0111111000100100 
0111111001110110 
1000000001001000 
1000000111011101 
1000000111100110 
1000000010101101 
0111111101000001 
0111111001110110 
0111111010011000 
0111111101101100 
1000000010010111 
1000000100110010 
1000000011011010 
0111111111110101 
0111111101000101 
0111111101010010 
0111111111010100 
1000000001001011 
1000000001010000 
0111111111111110 
0111111110111001 
0111111111100001 
1000000001101110 
1000000010101100 
1000000000110010 
0111111101010100 
0111111100100111 
0111111111101001 
1000000010100110 
1000000010001101 
0111111111011001 
0111111101111010 
0111111111101111 
1000000010011100 
1000000010001111 
0111111110100001 
0111111010111111 
0111111011111000 
1000000000101011 
1000000101001001 
1000000100111111 
1000000001011010 
0111111110010001 
0111111110010110 
1000000000000010 
1000000000001001 
0111111110101011 
0111111101011110 
0111111101101100 
0111111110110110 
1000000000101000 
1000000010110101 
1000000011111001 
1000000010001010 
0111111110101011 
0111111100001101 
0111111100100100 
0111111111011110 
1000000010110100 
1000000100100010 
1000000011000001 
0111111111011011 
0111111100110010 
0111111101001111 
0111111111011110 
1000000000100011 
0111111111101010 
0111111110110010 
1000000000000111 
1000000010100011 
1000000010100011 
0111111110111110 
0111111011011101 
0111111100000010 
1000000000101111 
1000000100100101 
1000000100101011 
1000000001001000 
0111111100111001 
0111111011010101 
0111111100111100 
0111111111111111 
1000000010111010 
1000000011111100 
1000000001111001 
0111111110011010 
0111111100011111 
0111111101001110 
0111111111011011 
1000000001000011 
1000000001110111 
1000000001110010 
1000000000110110 
0111111111011000 
0111111110001010 
0111111110011101 
1000000000000001 
1000000001101001 
1000000001111010 
1000000000011111 
0111111110011100 
0111111101101111 
0111111110011111 
0111111111101011 
1000000000110111 
1000000001111010 
1000000011000110 
1000000011100101 
1000000001100111 
0111111101010110 
0111111001001100 
0111111000110110 
0111111110001011 
1000000101110101 
1000001010000000 
1000000111000000 
0111111111111000 
0111111010010001 
0111111001001111 
0111111100000100 
0111111111110011 
1000000010101010 
1000000100010101 
1000000100010001 
1000000001101100 
0111111110011110 
0111111101010110 
0111111111000000 
1000000000111000 
1000000000111111 
0111111111110110 
0111111111101101 
1000000001010010 
1000000010100011 
1000000001101000 
0111111110110000 
0111111101000101 
0111111101111101 
0111111111101001 
1000000000110110 
1000000001110011 
1000000011011001 
1000000100001110 
1000000001111001 
0111111101110000 
0111111011111111 
0111111101110010 
1000000001000110 
1000000010001000 
1000000000000111 
0111111101111111 
0111111110100000 
1000000000110000 
1000000001101100 
1000000000111101 
1000000000110101 
1000000010001001 
1000000011001100 
1000000001111110 
0111111110101111 
0111111011111111 
0111111011010011 
0111111101000100 
1000000000001011 
1000000011100111 
1000000101111001 
1000000101011101 
1000000001100001 
0111111100010100 
0111111010001000 
0111111101010001 
1000000010111000 
1000000101100111 
1000000010110111 
0111111101011011 
0111111010110001 
0111111101010111 
1000000010011101 
1000000101011100 
1000000011111010 
0111111111110110 
0111111100001110 
0111111100001100 
0111111111001010 
1000000001111011 
1000000010010010 
1000000000101110 
0111111111010110 
0111111111110011 
1000000001100101 
1000000010010011 
1000000000100101 
0111111101101001 
0111111100000001 
0111111101000111 
0111111111111101 
1000000010000100 
1000000010011111 
1000000001110111 
1000000000101111 
0111111111111100 
0111111111100011 
0111111111101001 
1000000000010011 
1000000001000110 
1000000000111010 
0111111111001111 
0111111100101110 
0111111011011110 
0111111101010101 
1000000010001000 
1000000110100100 
1000000111110010 
1000000100111011 
0111111111010010 
0111111001111110 
0111110111101111 
0111111001100100 
0111111111000001 
1000000101010111 
1000001000010101 
1000000101100010 
0111111111101101 
0111111010111100 
0111111010010101 
0111111101001011 
1000000000101100 
1000000010101100 
1000000010010010 
1000000001010011 
1000000000101010 
1000000000110100 
1000000001100000 
1000000000111001 
0111111110010001 
0111111011101110 
0111111100000100 
0111111111011101 
1000000010101011 
1000000011001011 
1000000001000101 
0111111111010000 
0111111110011011 
0111111110111111 
1000000000100010 
1000000010000001 
1000000010101011 
1000000000101110 
0111111101001110 
0111111011010111 
0111111110001000 
1000000011110001 
1000000110101001 
1000000011110010 
0111111101100101 
0111111001101011 
0111111011000010 
0111111111110000 
1000000011101110 
1000000100100101 
1000000010011010 
0111111111000110 
0111111101011000 
0111111110100011 
1000000001001010 
1000000010000010 
0111111111100011 
0111111100011100 
0111111100011100 
1000000000100100 
1000000100011110 
1000000011111110 
1000000000000000 
0111111101000000 
0111111101100001 
0111111111101010 
1000000000110101 
1000000001001110 
1000000010010010 
1000000010111001 
1000000000111001 
0111111100110101 
0111111010011100 
0111111100011101 
1000000001101100 
1000000100111101 
1000000011101111 
0111111111110100 
0111111101100101 
0111111101111101 
0111111111101101 
1000000001000100 
1000000001001101 
1000000001010000 
1000000000101100 
0111111111100010 
0111111110001110 
0111111110001101 
0111111111111010 
1000000001100001 
1000000001101100 
1000000000100000 
0111111111011011 
0111111111110010 
1000000001000010 
1000000000111110 
0111111110111010 
0111111100101100 
0111111100001111 
0111111110001100 
1000000001100010 
1000000100010011 
1000000101011000 
1000000100000111 
1000000000001001 
0111111010110000 
0111110111101000 
0111111001110111 
1000000000001010 
1000000110000001 
1000000111011001 
1000000100010111 
1000000000000010 
0111111101001100 
0111111100010011 
0111111100101001 
0111111101101100 
0111111111101001 
1000000001100110 
1000000010000111 
1000000001101001 
1000000000110100 
1000000000000010 
0111111110110000 
0111111101011101 
0111111101100101 
0111111111100111 
1000000010010010 
1000000011010000 
1000000001100010 
0111111110110100 
0111111101101000 
0111111110111100 
1000000001000010 
1000000001011110 
0111111111100010 
0111111101100110 
0111111101101001 
1000000000000101 
1000000010110100 
1000000011100001 
1000000001100001 
0111111110001110 
0111111100011011 
0111111101011100 
1000000000010111 
1000000010101111 
1000000010010111 
0111111111101010 
0111111101001100 
0111111101010101 
0111111111101001 
1000000001111000 
1000000010100001 
1000000001110010 
1000000000101011 
0111111111001011 
0111111101011111 
0111111101000101 
0111111111010111 
1000000011000110 
1000000100100101 
1000000001010010 
0111111100000110 
0111111010011100 
0111111101111000 
1000000011010010 
1000000101100000 
1000000010101111 
0111111101111010 
0111111011010010 
0111111100100010 
0111111111101011 
1000000010100111 
1000000011110010 
1000000011000000 
1000000000011010 
0111111101010111 
0111111011110000 
0111111100110100 
0111111111110011 
1000000010011000 
1000000011010010 
1000000010001011 
0111111111111011 
0111111110001110 
0111111101111010 
0111111110011000 
0111111110111101 
0111111111011100 
1000000000101001 
1000000010111001 
1000000100111001 
1000000100101100 
1000000000111001 
0111111011010111 
0111110111111111 
0111111001110000 
0111111110111010 
1000000011111010 
1000000101110100 
1000000100100101 
1000000001011010 
0111111110001011 
0111111100110011 
0111111110101011 
1000000001010100 
1000000001010100 
0111111110010000 
0111111011001100 
0111111011110111 
1000000000011010 
1000000101101000 
1000000111000101 
1000000100100001 
1000000000110001 
0111111101110100 
0111111100001011 
0111111011100101 
0111111011110101 
0111111101000010 
0111111111101100 
1000000011011101 
1000000110110000 
1000000111011001 
1000000011111111 
0111111101110100 
0111111000000111 
0111110110110111 
0111111011100011 
1000000011010000 
1000001000010011 
1000000111001101 
1000000001110110 
0111111100001100 
0111111001111101 
0111111011100000 
0111111110111101 
1000000010000100 
1000000011010110 
1000000011001010 
1000000010011001 
1000000001000010 
0111111111001001 
0111111101111001 
0111111110010100 
0111111111001010 
0111111110110010 
0111111101101110 
0111111101010110 
0111111111001100 
1000000010110010 
1000000101101011 
1000000100111100 
1000000000110111 
0111111100110101 
0111111011101101 
0111111101110110 
1000000000111111 
1000000001111100 
0111111111111100 
0111111101110111 
0111111101111000 
0111111111101101 
1000000000101110 
1000000000101111 
1000000001001001 
1000000010101010 
1000000011111001 
1000000010101100 
0111111111000010 
0111111100000110 
0111111100010001 
0111111111011100 
1000000011001001 
1000000100011010 
1000000010010111 
0111111110111110 
0111111101000010 
0111111101010000 
0111111110100111 
1000000000000100 
1000000001110000 
1000000011100100 
1000000100110101 
1000000100001100 
1000000001000101 
0111111100111110 
0111111010010111 
0111111011001110 
0111111111001100 
1000000011011100 
1000000100101000 
1000000010011010 
0111111111011001 
0111111110001001 
0111111111100111 
1000000001110010 
1000000010110101 
1000000010100100 
1000000001011011 
1000000000000010 
0111111101111010 
0111111011110000 
0111111011110101 
0111111111010101 
1000000100000100 
1000000110011100 
1000000011111101 
0111111110110101 
0111111010111011 
0111111011000010 
0111111110111000 
1000000011100111 
1000000110000111 
1000000100110001 
1000000000100101 
0111111100101110 
0111111100000000 
0111111110010001 
1000000000101001 
1000000000101010 
0111111111100100 
0111111111011101 
1000000001001010 
1000000011100101 
1000000100011110 
1000000010001010 
0111111101111001 
0111111010010010 
0111111001100110 
0111111100101111 
1000000010101010 
1000001000010001 
1000001001100010 
1000000101001001 
0111111100111110 
0111110110100001 
0111110110011011 
0111111100101011 
1000000011111010 
1000000110111111 
1000000101011011 
1000000010001101 
0111111111110111 
0111111110001111 
0111111100110011 
0111111100000100 
0111111101100100 
1000000001111011 
1000000110101111 
1000000110110101 
1000000000110010 
0111111000111101 
0111110101110010 
0111111010000101 
1000000010100110 
1000001001100010 
1000001010010000 
1000000101000010 
0111111101100011 
0111111000011010 
0111111000000010 
0111111011111101 
1000000001000010 
1000000100010101 
1000000101010001 
1000000100111011 
1000000011001000 
0111111111111001 
0111111011111110 
0111111000110101 
0111111001001000 
0111111101010100 
1000000011011100 
1000000111111010 
1000001000000001 
1000000011110111 
0111111101110001 
0111111001010111 
0111111001010101 
0111111101100001 
1000000010110000 
1000000101010001 
1000000011011101 
0111111111001110 
0111111100101011 
0111111110101111 
1000000011001000 
1000000101000110 
1000000010100100 
0111111101101100 
0111111010010101 
0111111010110000 
0111111110000111 
1000000001000000 
1000000001101110 
1000000001111010 
1000000011010111 
1000000101011101 
1000000100010000 
0111111101010110 
0111110101100101 
0111110101111000 
1000000001011011 
1000001111011001 
1000010011011101 
1000000110010000 
0111110000110000 
0111100100101001 
0111101110000011 
1000000111010100 
1000011100101111 
1000011101111010 
1000001001111110 
0111110010000001 
0111101000101100 
0111110010110000 
1000000011111000 
1000001010111000 
1000000010011001 
0111110100010110 
0111101111110100 
0111111011000000 
1000001110011000 
1000011010010111 
1000010100110111 
1000000001000000 
0111101100101110 
0111100110011011 
0111110001101101 
1000000101100110 
1000010100100111 
1000010110110001 
1000001101000101 
0111111110101011 
0111110001111100 
0111101011100010 
0111101110101000 
0111111011100010 
1000001101001001 
1000010111010011 
1000010001100001 
0111111111101101 
0111101111100011 
0111101100011000 
0111110111011101 
1000000111101100 
1000010010100001 
1000010010001110 
1000001000110001 
0111111011100110 
0111110000110001 
0111101100110111 
0111110001110111 
0111111110000101 
1000001011010101 
1000010010101101 
1000010001100011 
1000001010010000 
1000000000000010 
0111110110001111 
0111101110110010 
0111101100101100 
0111110001100111 
0111111100110101 
1000001011100111 
1000011001001101 
1000011110110011 
1000010111000000 
1000000011001000 
0111101011110001 
0111011110100110 
0111100010110100 
0111110011101111 
1000000101111111 
1000010000101110 
1000010011011010 
1000010001101100 
1000001101001111 
1000000101011100 
0111111010100111 
0111110000111001 
0111101101001101 
0111110010110101 
1000000000001011 
1000001110110100 
1000010101011100 
1000001110001001 
0111111100000011 
0111101010101001 
0111100110101010 
0111110100100101 
1000001100001011 
1000011101000010 
1000011010101110 
1000000110001011 
0111101101100101 
0111100010001111 
0111101100110000 
1000000101101101 
1000011011110000 
1000011101111111 
1000001001110010 
0111101100110100 
0111011010011101 
0111011110100101 
0111110111110010 
1000010111011011 
1000101011001110 
1000101000100000 
1000010001010010 
0111110011111001 
0111100000010110 
0111011101111101 
0111101010000110 
0111111101000001 
1000001111100101 
1000011010101011 
1000011001001101 
1000001010110011 
0111110110110011 
0111101001100101 
0111101011101000 
0111111010000101 
1000001010000011 
1000010000011001 
1000001010110001 
0111111110100010 
0111110100100101 
0111110011011001 
0111111011010011 
1000000110101101 
1000001111001111 
1000010001001000 
1000001011011010 
0111111111111110 
0111110011000001 
0111101010110001 
0111101100000110 
0111110111001110 
1000000101111011 
1000010001101001 
1000010110011111 
1000010100110010 
1000001101000011 
1000000000001010 
0111110000101100 
0111100100001001 
0111100001110111 
0111101101001110 
1000000010000011 
1000010101110010 
1000011110000001 
1000011000000100 
1000001001001011 
0111111011001110 
0111110100001010 
0111110100100110 
0111111001001010 
0111111110110011 
1000000011101100 
1000000101101001 
1000000001100010 
0111111000001101 
0111110001111101 
0111110111010000 
1000000110001111 
1000010010100001 
1000001111110101 
0111111111100111 
0111110001010111 
0111110011100010 
1000000101100101 
1000010111011111 
1000011000100001 
1000000111001010 
0111110000111001 
0111100101110111 
0111101010111011 
0111111000100110 
1000000100100000 
1000001001100100 
1000001001001001 
1000000111010111 
1000000110110100 
1000000110101000 
1000000101100101 
1000000011011110 
0111111111101110 
0111111010111100 
0111110111001011 
0111110111010010 
0111111011001011 
0111111111000110 
0111111111111100 
0111111110101111 
0111111111011111 
1000000100001010 
1000001000111110 
1000001000010001 
1000000010000001 
0111111100100001 
0111111110010110 
1000000110010001 
1000001100100000 
1000001001100001 
0111111101001000 
0111101110010011 
0111100110010000 
0111101010101101 
0111111010010000 
1000001110000011 
1000011011110000 
1000011100010000 
1000001111100000 
0111111101010110 
0111110000000000 
0111101101000101 
0111110011101111 
0111111110111111 
1000001001001010 
1000001101110001 
1000001010101011 
1000000001000011 
0111110110001011 
0111110000111100 
0111110101001011 
1000000000010000 
1000001011000110 
1000001111010111 
1000001011111101 
1000000101100101 
1000000010001100 
1000000011000101 
1000000011100011 
0111111101001100 
0111110000110010 
0111100111001000 
0111101010110011 
0111111101000111 
1000010010011000 
1000011100001000 
1000010101011000 
1000000101011000 
0111111001100011 
0111111000010101 
0111111101111101 
1000000001111110 
0111111111111100 
0111111010111111 
0111111001100000 
0111111101111011 
1000000100110010 
1000001001000000 
1000000111101111 
1000000010100000 
0111111100110111 
0111111001011011 
0111111001000001 
0111111011110100 
1000000000101010 
1000000101011101 
1000000111101001 
1000000101100110 
1000000000000111 
0111111010101111 
0111111001001001 
0111111101000011 
1000000011111111 
1000001001111001 
1000001011101000 
1000001000101000 
1000000001111110 
0111111001011111 
0111110010011111 
0111110000111001 
0111110110101000 
1000000010000000 
1000001101001000 
1000010010001101 
1000001111101011 
1000000111100011 
0111111110010000 
0111110110111010 
0111110010111011 
0111110010111010 
0111110111011001 
0111111111100011 
1000001000011001 
1000001100100101 
1000001001101101 
1000000001110101 
0111111010101110 
0111111001011110 
0111111110110001 
1000000110100011 
1000001011001011 
1000001001011110 
1000000010101111 
0111111010111110 
0111110101110101 
0111110100110000 
0111110111001111 
0111111011011001 
1000000000001010 
1000000101101011 
1000001011110001 
1000001111101010 
1000001101110100 
1000000100011011 
0111110111001111 
0111101110000011 
0111101110101001 
0111111001000000 
1000000111001111 
1000010001101110 
1000010011101101 
1000001101001100 
1000000000011000 
0111110010110010 
0111101011000000 
0111101101001011 
0111111000111001 
1000001000000010 
1000010010101001 
1000010011101010 
1000001100101100 
1000000010111010 
0111111010100101 
0111110100101100 
0111110001101101 
0111110010011000 
0111111000010010 
1000000010010010 
1000001100100011 
1000010001001101 
1000001101101010 
1000000100110101 
0111111100001010 
0111110110010111 
0111110100000011 
0111110100110010 
0111111001100101 
1000000011010011 
1000001110001110 
1000010011100001 
1000001101111101 
0111111111011000 
0111110001001101 
0111101101000001 
0111110101100110 
1000000100001010 
1000001101111100 
1000001100010111 
1000000010000101 
0111111000101100 
0111111000000110 
1000000000001010 
1000001001000001 
1000001010110111 
1000000100001011 
0111111001111100 
0111110011111000 
0111110101100010 
0111111101000011 
1000000101001011 
1000001001011110 
1000001000101000 
1000000100100011 
1000000000000010 
0111111101000101 
0111111100110100 
0111111110101111 
1000000001001101 
1000000010011101 
1000000001011101 
0111111111010110 
0111111101011100 
0111111101001011 
0111111110100010 
1000000000100100 
1000000001111001 
1000000001011000 
1000000000000001 
0111111111111001 
1000000010011010 
1000000111000011 
1000001010111011 
1000001010011011 
1000000100110001 
0111111011110101 
0111110011010010 
0111101110100001 
0111101111000011 
0111110100110001 
0111111110111100 
1000001010101011 
1000010010110100 
1000010011010011 
1000001100000000 
1000000001001101 
0111111000110111 
0111110110100000 
0111111001110111 
0111111111010000 
1000000011100110 
1000000101011111 
1000000100101000 
1000000001100100 
0111111101011100 
0111111010100000 
0111111011000100 
0111111111001000 
1000000100100001 
1000000111101110 
1000000110011111 
1000000001101111 
0111111100011001 
0111111001010000 
0111111010011011 
0111111110101101 
1000000011010001 
1000000101100000 
1000000100110000 
1000000010100101 
1000000000010111 
0111111110110101 
0111111110001000 
0111111110100110 
0111111111011110 
1000000000001110 
1000000000010000 
0111111111110010 
1000000000000000 
1000000001000111 
1000000010010101 
1000000010111000 
1000000010000010 
1000000000010010 
0111111111001001 
0111111111000000 
0111111111101010 
1000000000010010 
1000000001000011 
1000000001110000 
1000000001111000 
1000000001000110 
0111111111111010 
0111111111001000 
0111111111011011 
1000000000011001 
1000000000110101 
1000000000101010 
1000000000100101 
1000000001001011 
1000000001111111 
1000000010010001 
1000000001000111 
0111111110101111 
0111111101010110 
0111111101111001 
1000000000000011 
1000000001110001 
1000000001111000 
1000000000101011 
0111111111101110 
0111111111111101 
1000000001000000 
1000000001100010 
1000000000110110 
1000000000000110 
0111111111111101 
1000000000011100 
1000000001001000 
1000000000101101 
0111111111101001 
0111111111000100 
0111111111101010 
1000000001000001 
1000000001101010 
1000000000110111 
0111111111011010 
0111111110101101 
0111111111010001 
1000000000100100 
1000000001100110 
1000000001111101 
1000000001110111 
1000000001110001 
1000000001100110 
1000000000111100 
0111111111011011 
0111111101101000 
0111111100100011 
0111111101001001 
0111111111011111 
1000000010100111 
1000000100111111 
1000000101011011 
1000000011111000 
1000000000111110 
0111111101101000 
0111111011000111 
0111111010110010 
0111111100111110 
1000000001001010 
1000000101001010 
1000000110100111 
1000000100111100 
1000000001010110 
0111111101111001 
0111111100000110 
0111111100111001 
0111111111001110 
1000000001100101 
1000000010111000 
1000000010010110 
1000000000001101 
0111111110010101 
0111111101111001 
0111111111001110 
1000000001011000 
1000000010101001 
1000000010011111 
1000000001001100 
0111111111111100 
0111111111010101 
0111111111100110 
1000000000001010 
1000000000100100 
1000000001010001 
1000000001111010 
1000000001110110 
1000000000110011 
0111111110111110 
0111111101100011 
0111111101110001 
0111111111100110 
1000000001111110 
1000000011001001 
1000000010011010 
1000000000101110 
0111111111001100 
0111111110110001 
0111111111000101 
0111111111111001 
1000000000011110 
1000000001000100 
1000000001010111 
1000000001001010 
1000000000010000 
0111111111000100 
0111111101111100 
0111111101010010 
0111111101101011 
0111111110101000 
1000000000001010 
1000000001100101 
1000000001111111 
1000000001001110 
1000000000010011 
0111111111101000 
0111111111110001 
1000000000001000 
1000000000101011 
1000000000111001 
1000000000101101 
1000000000011110 
1000000000011001 
1000000000110001 
1000000001010000 
1000000001011110 
1000000001000011 
1000000000000011 
0111111111000010 
0111111110101000 
0111111110110100 
0111111111011011 
1000000000001011 
1000000001000111 
1000000001110011 
1000000001111001 
1000000001011010 
1000000000111100 
1000000000111000 
1000000001000110 
1000000001001100 
1000000000011000 
0111111111000011 
0111111110101000 
0111111111000100 
1000000000100111 
1000000001110100 
1000000001100111 
1000000000101001 
0111111111111100 
1000000000100011 
1000000001111001 
1000000010100110 
1000000010000011 
1000000000010010 
0111111110011101 
0111111101001001 
0111111100011111 
0111111101010100 
0111111111001101 
1000000001110101 
1000000100010011 
1000000101100000 
1000000100111010 
1000000010110100 
1000000000001001 
0111111110000011 
0111111100101110 
0111111100010000 
0111111100011110 
0111111101110111 
1000000000100110 
1000000011110101 
1000000101110000 
1000000100100111 
1000000000101100 
0111111100011011 
0111111010100011 
0111111100000111 
1000000000001100 
1000000100000000 
1000000101000011 
1000000011010110 
1000000000100101 
0111111110010101 
0111111101110000 
0111111110101010 
0111111111110101 
1000000000101000 
1000000001000100 
1000000001001111 
1000000001011000 
1000000001000001 
0111111111111110 
0111111110110111 
0111111110011001 
0111111111001011 
1000000000110100 
1000000010011110 
1000000010101101 
1000000001001110 
0111111110111010 
0111111101001000 
0111111100111111 
0111111110110111 
1000000001001010 
1000000010111001 
1000000011000001 
1000000001101010 
0111111111101100 
0111111110001000 
0111111101110010 
0111111111001010 
1000000001100011 
1000000011010110 
1000000011010110 
1000000000111010 
0111111101100111 
0111111011110101 
0111111100011111 
0111111111001001 
1000000001101000 
1000000010000110 
1000000000111110 
0111111111011110 
0111111110110101 
0111111111001011 
0111111111111000 
1000000000000000 
0111111111110000 
0111111111010110 
0111111111001000 
0111111111100111 
1000000000000110 
1000000000010000 
1000000000001101 
0111111111111011 
0111111111000101 
0111111101010000 
0111111001101001 
0111110100010011 
0111101111101100 
0111110000010110 
0111111011010101 
1000010001001100 
1000101010101010 
1000111010011001 
1000110010100011 
1000001101100111 
0111010111011010 
0110101001100101 
0110011101111000 
0110111110111011 
0111111111110100 
1001000010100010 
1001100111100011 
1001011101110010 
1000101011010111 
0111101000111001 
0110110100100110 
0110100100100111 
0110111100010100 
0111101101010101 
1000011111001101 
1000111101001010 
1000111110100001 
1000101000111010 
1000001010010111 
0111101111011000 
0111100000001111 
0111011101111010 
0111100101000000 
0111110000100000 
0111111100101101 
1000000111000011 
1000001110100001 
1000010010100100 
1000010010011011 
1000001101111000 
1000000101001101 
0111111010111110 
0111110010000101 
0111101110000001 
0111110000001010 
0111110111011111 
1000000001001100 
1000001001100001 
1000001110000000 
1000001101101100 
1000001001011110 
1000000011001110 
0111111100101110 
0111110111001110 
0111110011111000 
0111110011110001 
0111110111001100 
0111111100110000 
1000000011001101 
1000001000010100 
1000001010100011 
1000001001000101 
1000000100101111 
0111111111010011 
0111111001111001 
0111110110011001 
0111110110000101 
0111111001011011 
0111111111001111 
1000000101100101 
1000001001011110 
1000001001010110 
1000000101100011 
0111111111111111 
0111111011000000 
0111111000111010 
0111111010000000 
0111111101010011 
1000000000111010 
1000000011010010 
1000000011111111 
1000000010111100 
1000000001000100 
0111111111001001 
0111111110000001 
0111111101101001 
0111111101110101 
0111111110001000 
0111111110100010 
0111111111001011 
0111111111111110 
1000000000110110 
1000000001010001 
1000000001010100 
1000000000110100 
0111111111101101 
0111111110111101 
0111111110111001 
0111111111010101 
0111111111100101 
0111111111001010 
0111111110100100 
0111111110001101 
0111111110110011 
1000000000010100 
1000000001101100 
1000000001110110 
1000000000110111 
0111111110111111 
0111111101110111 
0111111101110000 
0111111110101110 
1000000000001000 
1000000001011000 
1000000001110100 
1000000001001001 
0111111111110011 
0111111110011100 
0111111101111010 
0111111110000001 
0111111110101011 
0111111111011010 
1000000000010100 
1000000001000011 
1000000001001000 
1000000000100001 
0111111111010101 
0111111110001000 
0111111101100000 
0111111101101000 
0111111110110100 
1000000000010011 
1000000001001011 
1000000001011110 
1000000001000001 
1000000000000000 
0111111111000010 
0111111110111011 
0111111111100101 
1000000000101111 
1000000001101101 
1000000001100011 
1000000000001110 
0111111110010100 
0111111100111110 
0111111101000001 
0111111110011011 
1000000000010110 
1000000001110110 
1000000001111110 
1000000000101110 
0111111111000000 
0111111101100110 
0111111101100110 
0111111110110000 
1000000000000111 
1000000001001100 
1000000001010011 
1000000000010111 
0111111110111001 
0111111101111001 
0111111110001111 
0111111111100111 
1000000001011100 
1000000010011001 
1000000001100010 
0111111111100000 
0111111101100101 
0111111100110000 
0111111101100110 
0111111111010011 
1000000001000101 
1000000001111100 
1000000001101110 
1000000000111011 
0111111111101010 
0111111110001001 
0111111101011000 
0111111101101101 
0111111111010010 
1000000001001111 
1000000010011010 
1000000010010000 
1000000001001000 
0111111111101010 
0111111110101001 
0111111110011001 
0111111110101001 
0111111111000110 
0111111111100010 
1000000000000000 
1000000000001111 
1000000000100100 
1000000000101110 
1000000000000111 
0111111111010011 
0111111110101001 
0111111110100000 
0111111110110011 
0111111111001100 
0111111111011110 
0111111111111110 
1000000000011100 
1000000000111111 
1000000001011100 
1000000001000000 
0111111111111011 
0111111110110001 
0111111101101110 
0111111101011111 
0111111110011001 
0111111111111110 
1000000001001110 
1000000001100101 
1000000000110001 
0111111111000011 
0111111101011100 
0111111100101110 
0111111101000011 
0111111110001110 
0111111111010111 
0111111111110010 
0111111111100010 
0111111110110111 
0111111110100001 
0111111110110000 
0111111111100010 
1000000000010110 
1000000000101100 
1000000000001010 
0111111111001001 
0111111110100101 
0111111110101110 
0111111111101001 
1000000000110110 
1000000001100010 
1000000001101011 
1000000000111010 
0111111111111101 
0111111111000110 
0111111110110001 
0111111111010000 
0111111111110000 
1000000000001001 
1000000000011101 
1000000000011111 
1000000000001110 
0111111111100001 
0111111110111001 
0111111110101101 
0111111111000101 
0111111111111010 
1000000000100111 
1000000000110101 
1000000000110001 
1000000000100010 
1000000000001101 
0111111111110011 
0111111111001111 
0111111110011101 
0111111110000000 
0111111110011100 
0111111111011110 
1000000000100110 
1000000001011111 
1000000001110001 
1000000001001111 
1000000000001011 
0111111111001100 
0111111110100001 
0111111110000100 
0111111110001010 
0111111110100010 
0111111111010010 
1000000000010000 
1000000001001011 
1000000001101100 
1000000001101110 
1000000001011001 
1000000001010011 
1000000000111100 
0111111111111110 
0111111110111001 
0111111110000101 
0111111101110000 
0111111110000001 
0111111110110111 
0111111111111011 
1000000000110100 
1000000001001111 
1000000000111000 
1000000000000101 
0111111111001111 
0111111110110100 
0111111110101100 
0111111110111110 
0111111111011110 
1000000000001010 
1000000000101011 
1000000001000111 
1000000001000001 
1000000000001101 
0111111111001100 
0111111110100100 
0111111110100010 
0111111111000011 
0111111111101111 
1000000000010100 
1000000000011110 
1000000000001110 
0111111111110000 
0111111111100011 
0111111111110100 
1000000000100001 
1000000000101000 
1000000000011111 
0111111111111010 
0111111111001000 
0111111110110101 
0111111111000100 
0111111111101101 
1000000000010100 
1000000000101010 
1000000000100000 
0111111111111000 
0111111111001110 
0111111110110011 
0111111110111100 
0111111111011100 
1000000000001000 
1000000000101001 
1000000000101010 
1000000000011010 
0111111111110001 
0111111111000000 
0111111110101100 
0111111110100110 
0111111111000100 
1000000000000000 
1000000001001000 
1000000001111011 
1000000001111010 
1000000000110100 
0111111111100001 
0111111110010110 
0111111101110000 
0111111101110011 
0111111110011111 
0111111111100010 
1000000000010110 
1000000000101001 
1000000000101000 
1000000000010000 
0111111111111111 
0111111111101101 
0111111111011100 
0111111111010000 
0111111110111001 
0111111110100111 
0111111110110011 
0111111111010000 
0111111111101110 
1000000000001110 
1000000000011111 
1000000000011010 
1000000000001111 
0111111111111101 
0111111111101001 
0111111111011111 
0111111111100010 
0111111111011001 
0111111111011010 
0111111111011101 
0111111111101010 
0111111111111010 
1000000000001100 
1000000000010101 
1000000000001100 
1000000000000010 
0111111111101100 
0111111111010101 
0111111111000011 
0111111111000111 
0111111111011111 
1000000000000110 
1000000000100001 
1000000000100100 
1000000000011101 
1000000000000101 
0111111111100010 
0111111110110011 
0111111110010100 
0111111110011111 
0111111111000001 
0111111111111000 
1000000000110001 
1000000001011111 
1000000001100000 
1000000000111001 
0111111111111011 
0111111110111000 
0111111110010001 
0111111110011101 
0111111111011001 
1000000000110000 
1000000001100110 
1000000001101111 
1000000000111000 
0111111111101101 
0111111110101001 
0111111110000100 
0111111110001011 
0111111111001000 
1000000000000111 
1000000000111100 
1000000000111100 
1000000000001100 
0111111111011111 
0111111110111110 
0111111110110011 
0111111111001011 
0111111111110111 
1000000000011001 
1000000000110011 
1000000000111001 
1000000000101100 
1000000000100000 
1000000000000110 
0111111111100011 
0111111111001011 
0111111110111101 
0111111111010000 
0111111111110101 
1000000000000101 
0111111111111011 
0111111111101110 
0111111111011100 
0111111111101100 
1000000000001100 
1000000000110000 
1000000001001000 
1000000000111010 
1000000000010110 
0111111111110011 
0111111111011000 
0111111111000111 
0111111111000001 
0111111111000110 
0111111111100001 
1000000000001101 
1000000000110011 
1000000001000111 
1000000000110010 
1000000000001111 
0111111111111011 
0111111111111101 
1000000000010100 
1000000000011010 
1000000000001101 
0111111111111000 
0111111111011000 
0111111111000000 
0111111110101001 
0111111110110010 
0111111111000111 
0111111111100000 
0111111111110101 
0111111111111001 
0111111111111001 
0111111111110110 
0111111111101011 
0111111111101100 
1000000000001001 
1000000000101010 
1000000001000001 
1000000000110110 
1000000000000011 
0111111110111000 
0111111110010011 
0111111110010100 
0111111111000010 
1000000000001111 
1000000001001101 
1000000001110000 
1000000001111001 
1000000001011100 
1000000000101000 
0111111111111001 
0111111111011111 
0111111111011001 
0111111111110010 
1000000000010011 
1000000000110000 
1000000000110101 
1000000000100100 
0111111111110010 
0111111111000101 
0111111110110001 
0111111111001100 
0111111111111011 
1000000000101010 
1000000001000111 
1000000001000100 
1000000000101000 
1000000000000110 
0111111111011101 
0111111111000100 
0111111111000011 
0111111111010011 
0111111111110111 
1000000000101001 
1000000001001001 
1000000001011001 
1000000001001111 
1000000000110100 
1000000000011011 
1000000000001110 
1000000000000101 
1000000000000010 
1000000000010010 
1000000000100110 
1000000000111110 
1000000001001010 
1000000000111100 
1000000000100001 
0111111111111001 
0111111111011100 
0111111111010111 
0111111111011010 
0111111111101100 
1000000000001111 
1000000000101110 
1000000000110110 
1000000000100111 
0111111111110011 
0111111111010011 
0111111111000011 
0111111111001000 
0111111111010001 
0111111111011101 
0111111111111000 
1000000000011001 
1000000000111011 
1000000001010000 
1000000001001111 
1000000000111111 
1000000000100001 
0111111111111001 
0111111111011011 
0111111111010111 
0111111111101011 
1000000000000101 
1000000000100011 
1000000001000010 
1000000001011101 
1000000001010101 
1000000000110000 
1000000000000001 
0111111111011011 
0111111111001101 
0111111111010110 
0111111111101000 
0111111111111101 
1000000000001000 
1000000000000000 
0111111111110000 
0111111111011001 
0111111110111101 
0111111111001000 
0111111111011100 
0111111111101100 
0111111111110101 
1000000000001001 
1000000000011011 
1000000000110110 
1000000000101100 
1000000000100010 
1000000000010110 
1000000000001011 
1000000000001111 
1000000000101111 
1000000001010110 
1000000001111100 
1000000001111100 
1000000001100111 
1000000001001001 
1000000000101010 
1000000000100111 
1000000000111011 
1000000001000111 
1000000001011010 
1000000001011110 
1000000001010001 
1000000000101010 
1000000000001100 
0111111111111100 
0111111111111100 
1000000000001111 
1000000000101000 
1000000000110111 
1000000000111110 
1000000001001111 
1000000001011110 
1000000001110010 
1000000001111011 
1000000001100110 
1000000000110101 
1000000000000100 
0111111111100101 
0111111111100101 
0111111111111111 
1000000000101100 
1000000001000100 
1000000001000100 
1000000001000000 
1000000000101110 
1000000000010101 
1000000000000110 
0111111111111000 
0111111111101010 
0111111111011000 
0111111111001011 
0111111111100000 
1000000000001010 
1000000000111000 
1000000001011011 
1000000001011101 
1000000001000110 
1000000000011111 
0111111111100110 
0111111111000001 
0111111110111011 
0111111111010010 
0111111111111100 
1000000000011010 
1000000000101000 
1000000000100111 
1000000000010101 
0111111111111000 
0111111111100010 
0111111111011010 
0111111111011010 
0111111111001111 
0111111111001001 
0111111111001111 
0111111111010110 
0111111111100010 
0111111111110100 
1000000000000111 
1000000000010100 
1000000000010110 
1000000000010001 
1000000000000101 
0111111111111101 
0111111111110001 
0111111111101101 
0111111111101001 
0111111111100101 
0111111111100001 
0111111111101100 
0111111111111111 
1000000000010000 
1000000000011011 
1000000000011110 
1000000000001100 
0111111111110101 
0111111111101101 
0111111111101101 
1000000000000000 
1000000000000101 
0111111111111111 
1000000000000010 
0111111111111111 
0111111111111110 
1000000000000111 
1000000000001100 
1000000000010111 
1000000000110000 
1000000000111101 
1000000000111100 
1000000000101001 
1000000000010001 
0111111111111100 
0111111111101000 
0111111111011111 
0111111111011110 
0111111111101000 
1000000000000011 
1000000000010011 
1000000000100011 
1000000000110100 
1000000001000110 
1000000001001000 
1000000000111100 
1000000000100001 
1000000000000011 
0111111111101000 
0111111111100000 
0111111111101100 
1000000000000011 
1000000000100001 
1000000000110100 
1000000000111010 
1000000000101101 
0111111111111101 
0111111111011000 
0111111111001001 
0111111111001110 
0111111111100101 
1000000000000111 
1000000000101010 
1000000001000001 
1000000001000111 
1000000001000001 
1000000001000100 
1000000001001001 
1000000001010010 
1000000001001010 
1000000000100011 
0111111111110100 
0111111111011110 
0111111111011101 
0111111111101001 
1000000000000011 
1000000000011101 
1000000000101100 
1000000000111111 
1000000001001010 
1000000001001110 
1000000001010000 
1000000001001001 
1000000001000011 
1000000000111110 
1000000000110010 
1000000000111101 
1000000001000011 
1000000000111001 
1000000000111000 
1000000000100110 
1000000000010010 
0111111111111111 
1000000000000110 
1000000000011011 
1000000000110001 
1000000001000000 
1000000000110110 
1000000000100010 
1000000000000111 
0111111111111000 
0111111111111001 
1000000000010110 
1000000000101110 
1000000001001000 
1000000001011000 
1000000001010110 
1000000001010000 
1000000001000000 
1000000000100000 
1000000000000011 
1000000000000110 
1000000000001001 
1000000000001010 
1000000000000100 
0111111111101101 
0111111111010011 
0111111111010000 
0111111111101000 
1000000000001101 
1000000000101110 
1000000000111011 
1000000000111101 
1000000000101001 
1000000000001001 
0111111111110001 
0111111111011101 
0111111111100010 
0111111111011101 
0111111111011000 
0111111111011111 
0111111111100101 
0111111111101011 
0111111111110101 
1000000000000100 
1000000000001111 
1000000000010000 
1000000000011011 
1000000000010101 
0111111111111100 
0111111111100010 
0111111111101001 
1000000000000001 
1000000000101010 
1000000001010010 
1000000001100011 
1000000001000110 
1000000000011011 
0111111111101110 
0111111111001011 
0111111111001000 
0111111111010101 
0111111111110101 
1000000000011011 
1000000000101111 
1000000000101000 
1000000000100101 
1000000000011100 
1000000000100001 
1000000000101100 
1000000000110000 
1000000000101111 
1000000000011111 
1000000000001110 
1000000000001100 
1000000000011000 
1000000000101001 
1000000000111110 
1000000001000111 
1000000000111110 
1000000000110011 
1000000000011010 
1000000000000100 
0111111111111101 
1000000000001111 
1000000000101010 
1000000001001001 
1000000001001111 
1000000001001111 
1000000001001010 
1000000000111011 
1000000000110100 
1000000000100001 
1000000000011111 
1000000000010111 
1000000000100001 
1000000000110000 
1000000000111101 
1000000001000001 
1000000000111001 
1000000000101001 
1000000000001001 
0111111111110110 
0111111111101000 
0111111111101110 
1000000000001011 
1000000000111000 
1000000001011111 
1000000001101111 
1000000001100110 
1000000001000000 
1000000000000100 
0111111111010000 
0111111111000000 
0111111111010110 
1000000000001101 
1000000001001011 
1000000001101110 
1000000001101100 
1000000001010001 
1000000000100110 
1000000000000111 
0111111111110111 
0111111111110111 
1000000000000110 
1000000000100010 
1000000001001010 
1000000001101000 
1000000001100100 
1000000001010011 
1000000000110100 
1000000000010110 
1000000000001100 
1000000000001100 
1000000000011101 
1000000000101010 
1000000000100101 
1000000000011110 
1000000000010110 
1000000000011011 
1000000000011011 
1000000000011111 
1000000000100101 
1000000001000010 
1000000001100000 
1000000001111101 
1000000001110011 
1000000001001101 
1000000000100001 
0111111111110111 
0111111111100001 
0111111111101111 
1000000000010100 
1000000001000011 
1000000001100001 
1000000001100001 
1000000001000110 
1000000000011110 
1000000000000011 
0111111111111001 
1000000000000101 
1000000000100011 
1000000001000000 
1000000001000110 
1000000000110100 
1000000000100111 
1000000000101100 
1000000000110011 
1000000000101100 
1000000000010100 
0111111111111010 
0111111111110111 
0111111111110000 
0111111111101001 
0111111111101000 
0111111111100110 
0111111111100001 
0111111111100001 
0111111111011001 
0111111110111111 
0111111110110110 
0111111110101010 
0111111110011110 
0111111110010100 
0111111110100111 
0111111111001011 
0111111111100110 
0111111111111010 
0111111111111011 
0111111111101110 
0111111111101111 
0111111111101001 
0111111111100000 
0111111111100001 
0111111111110011 
0111111111110100 
0111111111110001 
0111111111111000 
1000000000000111 
1000000000010111 
1000000000011110 
1000000000010100 
1000000000001111 
1000000000001001 
1000000000000001 
0111111111111011 
0111111111101111 
0111111111011001 
0111111111001000 
0111111111000101 
0111111111001011 
0111111111011111 
0111111111101111 
0111111111111100 
0111111111111101 
0111111111111001 
0111111111101000 
0111111111100001 
0111111111100011 
0111111111100110 
0111111111101111 
0111111111111000 
1000000000000001 
0111111111111111 
0111111111110011 
0111111111100111 
0111111111010110 
0111111111010011 
0111111111001000 
0111111111001110 
0111111111001110 
0111111111001000 
0111111111001101 
0111111111100011 
0111111111101101 
0111111111100111 
0111111111011100 
0111111111100000 
0111111111101010 
0111111111111011 
1000000000010000 
1000000000001100 
1000000000000010 
0111111111111010 
0111111111100001 
0111111111000001 
0111111110111001 
0111111111001000 
0111111111100001 
0111111111101110 
0111111111100111 
0111111111010010 
0111111111000101 
0111111111001011 
0111111111001111 
0111111111100010 
0111111111110110 
1000000000000000 
0111111111111011 
0111111111110111 
0111111111110101 
0111111111101101 
0111111111010111 
0111111100000000 
0111110100110001 
0111101100001101 
0111100011111001 
0111011011000000 
0111001100011101 
0111000011101000 
0111001111011101 
0111100001011100 
0111101100100101 
0111110000001111 
0111110001001001 
0111110010011010 
0111110100100111 
0111110110111011 
0111111000110000 
0111111010000101 
0111111011001011 
0111111100000011 
0111111100110101 
0111111101011100 
0111111101110111 
0111111110010000 
0111111110100011 
0111111110110000 
0111111111000100 
0111111111001101 
0111111111010101 
0111111111011101 
0111111111100100 
0111111111101101 
0111111111101001 
0111111111101011 
0111111111110111 
0111111111111010 
0111111111111111 
0111111111111000 
0111111111110011 
0111111111110111 
0111111111111100 
0111111111111100 
0111111111111101 
0111111111111010 
0111111111111010 
0111111111111000 
0111111111110110 
0111111111110111 
