101100
00011011
100100101
100101001
00010011
1101000110
000010111010
000010110000
1101101110
1101010100
1101110110
1101001100
000011101010
1000101011011
000011100010
1101110000
1101001000
101110
100111010
1101000100
100110001
100101001
100110110
100111101
100110001
00011010
011
00010101
00011111
100101101
100111101
100101010
00010100
100101101
100110110
100100001
101011
00010110
00010000
101101
00011010
100100101
00011111
00011011
100100001
100101000
100110001
100111100
100111000
100100101
00010010
00010010
100110010
100111011
100101110
00010100
101010
00010011
101101
00101
00010011
100101010
100110101
100111111
1101001010
1101000000
100110110
1101000100
1101011010
1101011111
1101011000
1101011101
1101010111
1101011011
1101101101
1101010011
1101011110
1101110100
1101001110
100101111
100111010
100100111
101110
100110110
1101010010
1101000110
100110001
1101010000
1101011001
1101000000
00100
1101000111
1101100101
1101000111
100100010
100110010
100111100
100111111
1101000110
1101010010
1101001101
100110111
100100001
00011001
100101011
100111011
1101000001
1101000110
1101000000
100101010
100101000
1101000001
1101001011
100110100
100101001
1101010100
000010000001
000010010001
1101110011
100111100
00011000
100111111
1101101000
000010000011
000010100011
000011001100
000011000001
1101101011
00011000
1101000011
100100110
1101001100
1101111111
1101101111
100111100
100110010
1101000111
1101011110
1101110001
1101101101
1101010101
1101010001
1101001011
1101000101
1101101111
000010010010
000010011111
1101111110
100100100
1101001100
000010001100
000010101100
000010101100
1101110110
100111100
100110011
100100111
100100100
100110001
100110101
1101001100
1101100011
1101101000
1101101001
1101110101
1101111000
1101011011
1101010011
1101111100
1101111011
100111101
100100101
1101010011
000010001010
000011001111
000011101100
000011001010
1101111110
1101000010
1101100011
1101111101
1101101011
1101000111
100110011
100110011
1101001001
1101011000
1101000101
100110110
1101011001
1101111110
000010100101
000011001110
000011100000
000011100010
000011101011
000011111100
1000100001001
000011111001
000010101111
1101011111
1101100111
1101100101
100101111
1101000011
000010011000
000010100100
000010101110
1000100001000
1000101100001
1000101101010
1000100011010
000010110000
1101101110
100101100
1101100101
000011100100
1000100000001
000010111101
000010101011
000010111101
000010010011
1101110101
000010101011
000011011100
000011110111
000011110111
000011000100
000010010100
1101110011
100111110
1101010000
1101011111
100110111
000010001101
000011011110
000011011100
000010001110
1101001010
000010001100
000011001010
000011000000
000010001001
1101110001
000010000111
000010100111
000011001010
000011101111
1000100000011
1000100000110
1000100001100
1000100001110
000011111000
000011010001
000011000001
000011010110
1000100000001
1000100101000
1000100100000
000011111010
000011110010
1000100010100
1000100101101
000011110001
1101110100
000010000100
000010110111
000010001101
100101110
00010100
100111101
000010101010
000011111101
000011111110
000011000111
000010000101
1101011110
100111010
101100
100111110
100101111
1101000101
000010111111
000011111011
000011000000
1101111110
000011011010
1000100101010
1000100110000
000011111001
000010110100
000010011110
000010110011
000010101101
000010000111
1101011010
1101001000
1101101100
000010111000
000011110100
000011011010
1101100110
1101000011
1101100111
1101010010
1101111011
1101111010
00010111
1101110111
000011011101
1000100001100
1000100001101
000011101111
000011001110
000010110101
000010010011
1101110100
1101110110
1101111010
1101111010
000010110011
000011100101
000011011101
000010110000
1101110110
00010101
000010001101
1000100010111
1000101000011
1000100101000
000011110000
000010011100
1101010000
1101001011
1101000110
100100101
1101001000
1101110111
1101111110
1101011100
000010010011
000011111111
1000100011111
000011110110
000010101000
1101001001
1101001011
000010111100
1000100100000
1000101001100
1000100110111
1000100100011
1000101100111
1000111010011
1000111111101
1000110100100
000011110101
1101101001
1101111101
000010111011
000011010001
000011000000
000010011010
1101110111
000010000000
000010110100
000011100011
000011111110
000011111101
000011001001
1101101111
100101101
100111000
1101000001
1101010010
1101101100
1101010000
100101101
1101110100
1101111100
1101011100
1101100110
1101111010
000010010101
000010111110
000011101100
1000100001111
1000100100101
1000100101110
1000100110001
1000100010110
000011111100
1000100000101
000011110001
000010101110
1101001110
100110101
000010000110
000010001001
100111110
1101010000
000011110110
1000101111011
1000110110100
1000110111000
1000110011110
1000101011110
1000100001111
000011000110
1101110000
100110011
100100010
100101001
1101101000
000010111001
000011111001
1000100110101
1000101101100
1000101110101
1000101001110
1000100010011
000010110111
000010001110
000010111000
000011011000
1000100000111
1000100001100
000011100001
000010111001
000010100001
000010100000
000011001001
1000100000010
1000100001111
000011101100
000011001010
000010101001
000010000000
1101000111
100100101
000010000110
000011010111
000011111011
000011000101
1101100010
1101000001
1101110011
000010010011
000010010010
1101101110
100101101
100101001
1101010101
1101000011
00010011
1101100010
000010001101
000010010010
000010001000
000010000101
000010010001
000010100001
000010100010
000010001101
1101011011
00011001
1101010000
000010001010
000010100010
000010010100
1101110001
1101101000
000010011000
000011001001
000011001110
000010111111
000010110001
000010010101
1101100100
100110010
100101010
100111000
1101001111
000010001011
000011000101
000011000001
000010001110
1101110001
000010001111
000010011110
1101111010
1101001111
1101000110
1101010001
1101010100
1101101010
000010100000
000011011101
1000100001110
1000100101001
1000100110100
1000100100101
1000100000100
000011100110
000011011011
000011010000
000010100110
000010000011
1101100111
1101000011
100101000
100100000
100110011
1101000010
1101001111
1101100001
1101111100
000010011101
000010111010
000011001110
000011011011
000011010011
000010110011
000010000100
1101011111
1101010011
1101001101
1101001001
1101001011
1101010001
1101001100
100111011
100101000
00011000
100110100
1101011010
000010000100
000011000001
000011110111
1000100001000
000011111011
000011100000
000010111011
000010011010
000010000111
000010001011
000010011101
000010100001
000010000101
1101010100
100100100
00011001
100101100
1101000001
1101011110
000010010000
000011000010
000011100001
000011100100
000011010101
000010111101
000010001100
1101001100
00011001
1101001010
1101111111
000010000100
1101110010
1101100100
1101011100
1101100011
1101101110
1101101100
1101100010
1101010010
1101010010
1101101010
000010001000
000010010100
1101111000
1101000000
100111101
1101111010
000010111011
000011101110
1000100010101
1000100100011
000011111000
000010101011
1101100110
1101000100
1101011100
1101110110
000010001100
000010010011
000010010000
000010001001
1101111001
1101100011
1101001111
1101011000
1101101010
1101100111
1101010001
100111001
100100111
100111010
1101010110
1101101000
1101110010
1101011011
100100100
00011000
100101011
100101111
100101110
1101000110
1101101000
1101110011
1101101100
1101010011
1101000111
1101100010
1101111001
1101111111
1101101000
1101001100
1101011010
1101100100
1101010010
100111111
1101011101
000010010011
000010110011
000010101100
000010001111
1101110001
1101101111
1101111100
1101111101
1101101001
100111100
00011000
100101000
1101000001
1101010100
1101100000
1101101011
1101111001
1101111100
1101110000
1101100100
1101100111
1101110111
000010000101
000010000110
1101111011
1101101111
1101110001
1101101010
1101001101
100101100
100100010
100111000
1101011010
1101111011
000010010011
000010100001
000010100101
000010010000
1101100110
1101000001
00010110
100100001
100111111
1101001010
1101000101
1101010011
1101100111
1101100101
1101001110
100111000
1101010000
1101011101
1101010001
100101000
00011001
100110101
100111110
100111110
100110011
100110000
100111001
1101000111
1101010010
1101001111
100110111
100100000
00011000
101111
00110
00011110
100110110
100110101
00011111
100100100
100111001
1101001111
1101010011
1101001010
1101001001
1101011010
1101100110
1101100000
1101010000
100111011
100111000
1101001001
1101010101
1101001111
1101000100
100111001
100110010
100101110
100101100
100111011
1101001010
1101010101
1101011110
1101010010
100110100
100100001
100100101
100111001
1101001001
1101001101
1101001010
1101001000
1101000101
1101000000
1101000000
100111111
100111111
1101000000
100110111
100101010
00010110
00110
00010100
00011011
00011101
00011011
100100001
100101001
100110110
1101000001
100111001
100101111
100101001
00011011
00011010
100100000
00011011
101100
101110
00010110
100110001
100111101
1101000001
1101000100
100110101
00011101
100100001
100101110
100101111
100111000
100111011
100111011
1101000010
1101000001
100111011
100111100
1101000011
1101001111
1101011001
1101100100
1101100110
1101011101
1101011000
1101001000
100110011
100101110
00011101
00011110
00011011
101100
101011
00010001
101011
00111
00010100
100100100
100101111
100110101
100110010
100110001
100110110
100110100
100101100
100100011
00011000
00010011
00010110
00011011
00011111
100100110
100101001
100101010
100101001
100100010
100100000
100100011
00011101
00011010
100100000
100100100
100100100
100100010
00010110
101010
101010
101111
00010011
00011010
00011110
00011111
100100100
100100001
00010010
00010100
00010111
00011000
00010100
101110
00010110
00011001
00010110
00010111
00011001
00011100
100101001
100100111
100100111
100100110
00010011
101100
00010110
00011111
100100101
100101110
100101000
100100001
100100011
00011100
00010101
00010000
00010110
00010011
00010010
101110
101001
101001
101001
101011
101010
101111
00010011
00011011
100100011
00011100
00010111
00010011
00111
101101
00010011
00010100
00010010
101110
101111
00010000
101010
101010
00010011
00010001
00111
00010010
00010001
101110
101011
00100
101001
101101
101001
101111
00010001
101000
101000
00111
00110
101011
101100
00010001
00010101
00010110
00010110
00010111
00010100
00010100
00010010
00010000
101011
101010
101110
101101
00111
00100
00111
101010
101011
00101
00010011
00010110
00010110
00010111
00010010
00010100
101100
00110
00101
101001
00111
101010
00010000
00010010
00111
00010001
00010111
00010001
101111
101010
101101
00111
101000
101000
00111
00010000
00010010
101010
101101
101110
101111
101010
00100
00101
00110
101001
101101
101101
00101
101000
101011
00100
00110
00111
101011
00010000
00010001
00010000
101100
101111
00010000
101011
101011
101011
00111
00101
010
011
00101
101000
00111
00101
00101
00110
00111
101100
101110
100101100
100111101
000010011000
1101011111
1000110001110
11001000110111
1000101110101
000010010110
1101001111
101000
101011
00111
00110
00100
00110
00100
011
010
010
010
010
010
010
010
010
010
011
