101010
00010111
00011101
101100
00010100
100110011
000010101100
1101101101
000010100010
000011101101
1000100100101
1000110110000
1000110111111
1000101100111
000010011100
101101
00010101
101000
00010100
100100010
100100100
100101001
100111100
100111010
100101100
100101110
100100000
101111
100110111
1101000000
100101001
00010110
100100110
100111110
100111110
100111001
1101000001
100111100
100101010
00010110
101010
00011000
100101011
100111111
1101000111
100111011
100101101
100101000
100101001
100101011
1101000011
1101011001
1101011011
1101010100
1101001010
100111001
100110111
100110111
100100001
100100010
100110110
100111101
1101000010
1101001101
1101001100
1101001010
1101001001
1101000110
100111110
100101011
00011001
00011100
100111101
1101011010
1101011111
1101000111
100101101
100110011
100100011
101111
00010101
00010100
100100011
1101000000
1101000001
100100100
00111
101101
100101110
1101010110
1101100101
1101010100
100111010
100111100
1101010101
1101101011
1101100110
100110111
00011101
1101101000
000010001001
1101111011
1101011101
1101001101
1101001000
1101001101
1101100100
1101110001
1101010101
00011110
100110100
1101001010
100110101
100100111
100111111
1101010011
1101011101
1101010011
1101001000
1101000111
100110111
100100111
100110100
1101001111
1101101101
1101111010
1101111001
1101110001
100111111
00011000
1101010000
1101100111
1101110101
1101011110
100101100
100111000
100111110
100100100
00011000
00010100
00010010
100100110
1101000101
1101001100
100101110
00011000
1101111001
000010110111
000010010101
1101000001
1101010011
1101100011
1101010001
1101010100
1101001100
1101001101
1101110010
000010100000
000010101011
000010100001
000010010101
1101111000
1101000011
100110111
1101100000
1101001100
00010111
100100110
00011011
100110011
1101010110
1101011000
1101000001
100101011
100111101
1101110000
000010011111
000010111001
000010101101
1101111111
1101010110
100101111
101110
100111100
1101011101
1101111111
000010110010
000011100001
000011110010
000011110001
000011111011
1000100001001
1000100000011
000011100001
000010101011
1101110101
1101001010
100101000
101010
101000
00011001
1101001011
1101100110
1101011010
100111111
100110001
1101010011
000010011001
000011010101
000011100010
000011000001
000010111000
000011001011
000011010101
000010111011
1101100100
00010010
1101010010
1101011011
100110000
100111000
000010111011
1000100011101
1000100110001
1000100000101
000010111110
000010010001
000010010010
000011000000
1000100000000
1000100000100
000010111110
1101110101
1101111001
000010010101
000010000111
1101100110
000011001110
1000101010001
1000110000010
1000101100100
1000100101010
000011101100
000010110010
000010100111
000010111110
000011001000
000010111010
000010101001
000011010011
1000100011111
1000100111100
1000100001011
000010101100
1101010000
100110101
1101000111
100111001
100101101
100110101
100110100
100101001
00010100
00010000
100100011
100100000
00010101
00011011
100101000
100101011
100100100
00011001
00010010
101110
00010100
00010111
00011001
00011000
00011011
100100110
100110111
1101001100
1101011101
1101001101
100100001
00010000
100101110
1101000101
100111011
100101000
1101000110
1101100111
1101101000
1101011001
1101101101
000010000110
1101111011
1101101100
000010001010
000010111000
000011001000
000010100110
1101100110
100111010
100111101
100111001
100101100
1101110011
000011010000
1000100010001
1000100011011
000011100110
1101111110
100110001
1101100010
1101110111
1101101010
1101011110
1101110001
000010100000
000011001100
000011011111
000011010111
000011000000
000010100101
000010000000
1101111010
000010111001
000011011101
000010111101
1101110110
1101001111
1101110101
000010111110
000011110010
000011100010
000010010001
000010100100
000011110100
000011101110
000010100111
1101100111
1101010100
1101001101
1101001001
1101000100
1101011000
000010010010
000010100111
1101111111
100110111
100110010
1101110011
000010110001
000011101001
1000100011001
1000101001011
1000101001101
000011100010
1101000000
000010110111
1000100100010
1000100110010
000011101101
1101111011
1101010000
000010001011
000010100001
000010011110
000010011101
000010011010
000010010101
000010100110
000011010110
000011101000
000011000111
000010100001
000010111111
000011111000
000011111111
000011111001
1000100010011
1000100011101
1000100000110
000011111101
000011111100
000011110000
000011010111
000011001011
000011100000
000011111110
1000100000000
000011011110
000010101001
000011000001
000011110001
000011101100
000011001010
000010111010
000011001110
000011110101
1000100001011
000011101001
1101111101
00010001
000010000100
000010111111
000011000011
000010111101
000011001101
000011101101
1000100001100
1000100001111
000011010110
1101010000
1101110010
000010111100
000011000001
000010011110
1101101011
1101011100
1101100111
000010010111
000011010110
1000100000101
000011111001
000011000001
000010001111
000010011101
000011001111
000011011111
000010110011
1101101010
100110011
00010001
00010101
1101001111
000010101000
000011111110
1000100010000
000011001010
1101111000
1101110010
1101001010
00011110
000010000001
000011000010
000011000011
000010010001
1101000100
1101111001
000011111101
1000101001011
1000101010110
1000100011100
000010111110
1101110001
1101010101
000010000000
000010111111
000011100000
000011011110
000011111011
1000100100010
1000100100011
000011101011
000010001011
100111110
100101011
100111010
1101000100
1101001110
1101010111
1101111011
000010111011
000011001101
000010110101
000010010111
000010001010
000010001011
000010010000
000010001111
000010001010
000010010000
000010100100
000010111000
000011010101
000011111100
1000100001010
000011101100
000010110000
000010001111
000010110111
000011000011
000010010111
000010011011
000011011001
000011101010
000010101100
100111001
1101010000
1101111101
100111110
1101000011
000010100011
000010101000
1101101111
1101000001
100110111
00011100
100101011
1101001011
1101001010
100100010
1101001100
000010011111
000011001011
000011010010
000010111100
000010010011
1101100011
1101101001
000010011110
000011100111
1000100011100
1000100000010
000010010011
1101000001
000010011001
000011000010
000010110101
000010101100
000010110010
000010101111
000010100110
000010101010
000011000011
000011100001
000011011110
000010110100
1101110011
1101000011
1101001101
1101011010
1101010110
1101010110
1101011011
1101010111
1101110100
000010011011
000010101011
000010110001
000011000100
000011010000
000010100111
1101011110
100100101
00010010
100101101
1101001010
1101100000
1101011010
100110110
100100110
1101000011
1101000011
100101000
00011000
100100101
100111101
1101100110
000010001010
000010010001
1101110111
1101010000
100110100
100111100
1101010100
1101011010
1101000110
100100111
101101
1101000110
1101100111
1101011010
100110010
100100101
00011010
100101001
1101001111
1101011110
1101110100
000010011100
000010110100
000010110001
000010010001
1101110011
000010000011
000010100010
000010100010
000010000000
1101000110
00010011
101000
00101
00011010
1101000100
1101101011
000010000100
000010000110
1101111000
1101101111
1101100010
1101010100
1101010000
1101010100
1101011101
1101101100
1101101100
1101000011
00011000
1101011101
000010010011
000010100101
000010100101
000010100010
000010011101
000010011101
000010010001
1101110001
1101010110
1101001111
1101000111
100111000
1101000001
1101011110
1101011011
1101010111
1101101001
1101110100
1101101000
1101000001
100101101
100110101
1101000000
1101001110
1101100011
1101111001
1101111110
1101110000
1101001111
100101111
100100011
100110001
1101000010
1101001111
1101010111
1101010001
1101010110
1101100010
1101110010
1101110010
1101011100
100111100
100101101
100111010
100111110
1101001010
1101010101
1101011011
1101011010
1101001110
100111100
100101100
100100111
100100110
100100111
100111001
1101010001
1101100000
1101101000
1101011100
1101001000
100101101
100100011
100111110
1101001000
100111101
100110000
100111011
1101001011
1101000110
100111111
100111000
100110101
100111001
100111010
100110000
00011011
101110
00011010
100100011
100100010
00011111
100101110
100111101
1101000001
100111011
100101110
100100100
100100101
00011000
00100
101110
00010110
100100010
100101011
100101111
100101011
100100100
100100011
00011101
100100010
100100110
100100111
100101001
100101011
00011101
101100
101001
101011
101100
101110
101111
101110
00110
00010001
101010
00111
101010
101110
00010010
101111
101001
00111
101001
00010010
00010000
101001
00100
00101
101010
101011
101010
101110
00010000
101111
101110
101010
00111
00101
101000
101101
101011
00110
101000
101101
101100
101010
101111
101011
101011
101010
101010
101011
00110
00101
101000
101101
00101
101010
101100
101001
101001
101111
00010010
00010110
00010111
00010010
00010011
00010001
101011
00010101
00010100
00010011
00011001
00011110
00011101
00011001
00010110
00011000
00010111
00010011
101100
00010001
00011111
100100101
100100010
00011101
00010100
101100
101011
101011
101100
101001
101010
00010000
101111
101101
101011
101000
00111
101000
101000
101100
101111
00010010
00010011
101011
00111
00010000
00011011
00011011
00011101
00011111
100100001
00011100
00011111
100100011
00011100
00010100
00011010
00011011
00010101
00010010
101100
101000
00101
101001
00111
101011
101011
00010000
101111
00101
00111
00111
101100
101111
101010
101110
00010011
101111
101111
00110
101101
00011010
100100111
100100011
100100000
100100000
00010011
101011
00111
00110
101000
00010001
00010010
00010001
101110
00101
101110
101110
00110
101111
00010001
101101
101010
101011
101011
101010
00010000
00010110
00010101
00010011
00010100
00010000
101101
00010001
00010011
00010011
00010111
00010001
00101
101110
00010001
101101
101100
00010000
00010101
00010001
101011
101011
101001
00101
101010
00010010
101100
011
00111
00111
101011
101011
101010
101011
101001
00110
00101
101011
101011
00110
00101
00100
101011
101110
101100
101001
00111
101000
00111
101000
00110
101110
101111
101001
101001
101101
101100
101110
101101
00010011
00010100
00010011
00010011
00010010
00010101
00010010
101100
101011
101011
101001
101111
00010011
101000
101111
00010000
101100
101101
101101
00111
101111
101111
00110
101111
101011
101010
00010000
00010001
101011
101010
101110
101101
101010
00101
00111
101010
101001
101001
101001
011
101001
101100
101001
101000
101001
101011
00011001
100110101
1101000111
000010011110
1101101111
1000111000000
11001001100011
1000110000011
000010011001
1101010010
101000
101001
00100
00110
00101
00100
00101
00100
010
010
010
010
011
010
010
010
011
011
