0111111111101000 
0111111111100001 
0111111111101011 
1000000000001101 
1000000000110110 
1000000000110010 
1000000000000111 
0111111111110011 
0111111111001011 
0111111100101110 
0111111010111010 
0111111101011001 
1000000010001100 
1000000100000001 
1000000010001000 
1000000000000111 
0111111111110001 
1000000000001010 
1000000000001110 
1000000000001111 
1000000000011100 
1000000000011001 
0111111111110111 
0111111111100100 
0111111111110111 
1000000000000110 
0111111111111011 
0111111111101010 
0111111111011000 
0111111111010010 
0111111111110010 
1000000000101001 
1000000001000000 
1000000000100101 
0111111111111101 
0111111111101101 
0111111111111011 
1000000000011000 
1000000000101101 
1000000000101100 
1000000000010101 
1000000000000011 
1000000000010101 
1000000001000111 
1000000001110100 
1000000010000001 
1000000001101000 
1000000000110111 
1000000000001001 
0111111111110100 
0111111111111100 
1000000000010011 
1000000000101011 
1000000000101100 
1000000000010011 
0111111111111000 
0111111111110000 
0111111111101011 
0111111111011001 
0111111111000101 
0111111111000111 
0111111111100110 
1000000000001100 
1000000000011101 
1000000000011011 
1000000000011111 
1000000000100010 
1000000000000000 
0111111111001000 
0111111110110111 
0111111111010101 
0111111111100001 
0111111111000110 
0111111110111111 
0111111111101111 
1000000000011101 
1000000000001100 
0111111111100010 
0111111111100101 
1000000000001110 
1000000000100010 
1000000000010011 
0111111111111000 
0111111111100010 
0111111111010001 
0111111111001010 
0111111111010110 
0111111111101111 
0111111111111101 
0111111111111011 
1000000000000000 
1000000000010001 
1000000000001110 
0111111111101011 
0111111111001100 
0111111111001111 
0111111111100011 
0111111111110011 
1000000000000000 
1000000000000100 
0111111111110001 
0111111111100010 
1000000000000010 
1000000000111110 
1000000001011010 
1000000001001000 
1000000000101010 
1000000000011011 
1000000000011010 
1000000000011011 
1000000000010010 
1000000000000010 
1000000000001100 
1000000000111000 
1000000000111100 
0111111111101001 
0111111110001110 
0111111110001010 
0111111111001000 
0111111111110010 
0111111111110110 
0111111111111101 
1000000000001011 
0111111111110001 
0111111110101000 
0111111101111011 
0111111110101010 
1000000000010000 
1000000001001011 
1000000000101001 
0111111111011100 
0111111110101111 
0111111110101011 
0111111111000010 
0111111111101101 
1000000000000101 
0111111111110000 
0111111111011110 
1000000000000100 
1000000001000110 
1000000001110100 
1000000001111011 
1000000001011110 
1000000000110011 
1000000000010110 
1000000000010100 
1000000000110011 
1000000001010110 
1000000001000010 
0111111111111100 
0111111111001110 
0111111111001101 
0111111111001110 
0111111111100101 
1000000001000110 
1000000010111110 
1000000011010101 
1000000001011000 
0111111110101011 
0111111101111001 
0111111111100000 
1000000000110111 
1000000000100110 
1000000000011110 
1000000001101010 
1000000010100000 
1000000001100110 
0111111111111100 
0111111110111010 
0111111110100100 
0111111110100001 
0111111111000000 
1000000000001000 
1000000000111001 
1000000000001001 
0111111110111010 
0111111111011110 
1000000001101001 
1000000010100000 
1000000000010010 
0111111100110010 
0111111011000111 
0111111100100011 
0111111111100101 
1000000001100010 
1000000001011100 
1000000000011000 
0111111111011010 
0111111110111010 
0111111110110001 
0111111110000101 
0111111100100001 
0111111011110101 
0111111101010010 
0111111111001000 
0111111111010110 
0111111110101011 
0111111110101000 
0111111110111010 
0111111110100011 
0111111110001001 
0111111111000110 
1000000001001011 
1000000010011010 
1000000010000110 
1000000001011111 
1000000001011110 
1000000001110101 
1000000001100010 
0111111111100000 
0111111101000000 
0111111101001000 
0111111111011011 
1000000000010100 
0111111111011111 
0111111111010101 
0111111111100001 
0111111110101110 
0111111110000110 
0111111110010011 
0111111101111001 
0111111101010111 
0111111111000110 
1000000010011010 
1000000011010110 
1000000000100001 
0111111101101000 
0111111110001100 
1000000000101111 
1000000001100111 
1000000000001101 
0111111110101011 
0111111110100010 
0111111111101000 
1000000001011101 
1000000010111110 
1000000010010111 
0111111111101000 
0111111101101110 
0111111110101100 
1000000000010100 
0111111111111001 
0111111110100111 
0111111110100011 
0111111111001000 
0111111111001100 
0111111111001010 
0111111111011001 
0111111111011101 
0111111111010111 
0111111111100011 
0111111111111011 
1000000000001000 
1000000000000010 
0111111111110010 
0111111111101110 
0111111111111110 
1000000000001111 
1000000000001101 
1000000000000101 
1000000000000000 
0111111111111000 
0111111111101010 
0111111111101001 
0111111111110100 
0111111111111010 
0111111111111010 
0111111111111011 
0111111111111111 
1000000000000000 
1000000000000011 
1000000000001000 
1000000000001010 
1000000000000110 
1000000000000101 
1000000000000101 
1000000000000010 
0111111111110111 
0111111111101101 
0111111111110011 
1000000000000100 
1000000000001100 
1000000000001000 
1000000000001001 
1000000000001101 
1000000000001000 
1000000000000000 
1000000000000001 
1000000000001000 
1000000000001110 
1000000000000101 
0111111111101111 
0111111111110000 
1000000000011111 
1000000000111111 
0111111111110100 
0111111110001001 
0111111110011101 
0111111111110100 
0111111111000010 
0111111100101101 
0111111100010011 
0111111110000111 
0111111111011111 
0111111111100000 
0111111111010110 
0111111111101001 
0111111111100001 
0111111101111110 
0111111100001010 
0111111100111100 
1000000000100101 
1000000011000100 
1000000001010011 
0111111110010011 
0111111110110000 
1000000001010010 
1000000001010010 
0111111110111111 
0111111110000011 
0111111111001100 
1000000000010010 
1000000000011011 
1000000000101001 
1000000001101010 
1000000001111001 
0111111111101001 
0111111100111101 
0111111101011111 
1000000000010100 
1000000001010010 
0111111111110010 
0111111110111001 
0111111111110110 
1000000000111011 
1000000000110110 
1000000000001011 
0111111111110000 
0111111111101111 
1000000000001100 
1000000001000101 
1000000001100001 
1000000000010101 
0111111110000010 
0111111101000001 
0111111110000100 
0111111110111111 
0111111110101111 
0111111111000011 
1000000000001100 
1000000000001111 
0111111111010011 
0111111111011101 
1000000000101011 
1000000000111000 
0111111111111010 
0111111111100011 
1000000000000101 
1000000000000100 
0111111111100110 
1000000000100001 
1000000001110110 
1000000000000111 
0111111100001001 
0111111011000101 
0111111110011100 
1000000010000011 
1000000010100110 
1000000000111000 
0111111110011011 
0111111100010100 
0111111100011000 
0111111110101110 
1000000000000000 
0111111101111000 
0111111011101001 
0111111101101000 
1000000001100100 
1000000001110100 
0111111111000001 
0111111110111101 
1000000001110111 
1000000010011101 
0111111111110100 
0111111101100100 
0111111100111101 
0111111101010010 
0111111110110100 
1000000000110010 
1000000000110101 
0111111111001101 
0111111111001011 
1000000001010011 
1000000001111100 
0111111111010001 
0111111100111010 
0111111110001111 
1000000001010011 
1000000010000110 
1000000000001111 
0111111110111001 
0111111111011110 
0111111111011101 
0111111110001100 
0111111111000010 
1000000010100000 
1000000011101000 
1000000000011010 
0111111101101101 
0111111111000010 
1000000001010010 
1000000000110001 
0111111110111000 
0111111110100101 
1000000000001011 
1000000010001111 
1000000011001111 
1000000010010011 
1000000000110101 
1000000000000010 
0111111110010100 
0111111011111110 
0111111100111010 
1000000000111001 
1000000010011011 
1000000000011001 
1000000000000011 
1000000010111110 
1000000011100101 
0111111110110001 
0111111001010011 
0111111000111101 
0111111101000000 
1000000000001111 
1000000000111010 
1000000001001010 
1000000001101111 
1000000001101101 
1000000000111100 
0111111111101101 
0111111110000110 
0111111101101101 
0111111111101110 
1000000001011100 
1000000000010110 
0111111110101000 
0111111110110000 
0111111111100100 
0111111111110111 
1000000000011110 
1000000001000111 
1000000000101100 
1000000000000001 
0111111111110101 
0111111110111010 
0111111101010101 
0111111101001001 
0111111110011000 
0111111111110110 
1000000001100111 
1000000010110111 
1000000001111111 
1000000000000110 
0111111111100100 
1000000000100001 
1000000001101010 
1000000001111100 
1000000000100000 
0111111101111001 
0111111100010010 
0111111101001011 
0111111111110101 
1000000001101111 
1000000001000000 
0111111111010111 
0111111111100010 
1000000000001110 
0111111111010110 
0111111111000111 
1000000001010000 
1000000010010101 
0111111111011011 
0111111100001001 
0111111101010001 
1000000000100100 
0111111111110010 
0111111011100000 
0111111011101100 
1000000010000100 
1000000101110100 
1000000010011001 
0111111110011111 
0111111111001001 
1000000000011100 
0111111110100100 
0111111100011010 
0111111101011010 
0111111111110100 
1000000000100101 
0111111111111101 
0111111111111011 
1000000000101100 
1000000001000000 
1000000000110110 
1000000000100011 
0111111111011001 
0111111110000011 
0111111110101111 
1000000000110001 
1000000001000000 
0111111111110000 
0111111111110101 
1000000000111001 
1000000001000011 
1000000000111000 
1000000001010100 
1000000000111110 
0111111110110000 
0111111101000001 
0111111110111000 
1000000010101101 
1000000011011001 
1000000000100001 
0111111110100111 
0111111111010110 
1000000000000100 
0111111111100110 
0111111111110011 
1000000000111010 
1000000000010011 
0111111101110000 
0111111101001100 
0111111111111110 
1000000001100110 
0111111111101011 
0111111101111111 
0111111110110111 
1000000000000001 
0111111111111111 
1000000000000100 
1000000001000000 
1000000001101000 
1000000000110100 
0111111111011000 
0111111110100000 
0111111110001011 
0111111110101000 
1000000000100011 
1000000010000110 
1000000001010101 
1000000000000100 
0111111111110110 
0111111111010000 
0111111110101011 
0111111111101010 
1000000000010110 
0111111111001000 
0111111110010100 
0111111111010010 
0111111111111011 
0111111110111111 
0111111110100010 
1000000000001010 
1000000001110011 
1000000001000011 
0111111111001001 
0111111110011001 
0111111110100100 
0111111110111100 
1000000000011001 
1000000010011100 
1000000010110110 
1000000001000011 
0111111111000000 
0111111110010001 
0111111110100100 
0111111111010010 
0111111111110101 
0111111111000101 
0111111101101010 
0111111110001010 
1000000000110011 
1000000010000010 
1000000000001110 
0111111110001010 
0111111110011110 
1000000000011001 
1000000001011101 
1000000000100111 
0111111111010011 
0111111111000010 
0111111111011001 
0111111111011010 
0111111111010110 
0111111111110010 
1000000000011011 
1000000000100111 
0111111111111001 
0111111110101110 
0111111110110100 
1000000000100001 
1000000001010010 
0111111111101000 
0111111101111100 
0111111110110011 
1000000000110110 
1000000001010010 
1000000000011101 
1000000000100100 
1000000001001011 
1000000000100010 
0111111111100110 
1000000000000101 
1000000000100011 
0111111111110110 
0111111111101010 
1000000000011101 
1000000000011111 
0111111111111101 
1000000000010100 
1000000000111000 
1000000000010000 
0111111111011101 
1000000000001001 
1000000001000111 
1000000000000100 
0111111110001011 
0111111110110001 
1000000001011101 
1000000010000110 
0111111111100101 
0111111101110111 
0111111111101011 
1000000001111111 
1000000000111011 
0111111110100100 
0111111111010110 
1000000001110101 
1000000001011011 
0111111111000101 
0111111110110011 
1000000000010001 
1000000000111101 
1000000000101011 
1000000000000011 
0111111111011111 
0111111111110110 
1000000000111011 
1000000000110110 
0111111111011011 
0111111110011110 
0111111111001111 
1000000001001010 
1000000010000111 
1000000000101000 
0111111110101101 
0111111110111101 
1000000000011100 
1000000000011100 
0111111110111101 
0111111110100011 
1000000000001011 
1000000001100110 
1000000000100111 
0111111110110010 
0111111110110101 
1000000000001110 
1000000000111110 
1000000000101111 
1000000000001001 
0111111111111001 
1000000000010010 
1000000000100011 
1000000000000101 
0111111111101000 
0111111111111000 
1000000000001000 
1000000000001011 
1000000000010101 
1000000000000100 
0111111111101010 
1000000000000100 
1000000000100011 
0111111111110100 
0111111110110010 
0111111111010100 
1000000000101001 
1000000000100010 
0111111111011010 
0111111111011100 
1000000000101011 
1000000001000100 
0111111111111011 
0111111111001000 
0111111111101000 
1000000000001001 
1000000000000000 
0111111111111111 
1000000000011001 
1000000000010011 
0111111111101100 
0111111111101111 
1000000000010010 
1000000000010100 
0111111111111001 
0111111111110011 
1000000000001011 
1000000000100100 
1000000000100000 
0111111111111101 
0111111111011101 
0111111111100100 
1000000000001010 
1000000000101000 
1000000000011111 
1000000000000000 
0111111111111000 
1000000000000101 
0111111111111011 
0111111111011101 
0111111111001001 
0111111111010001 
1000000000000111 
1000000000111110 
1000000000100000 
0111111111100110 
1000000000000101 
1000000000111100 
1000000000011111 
0111111111101100 
0111111111110110 
1000000000001110 
1000000000000110 
0111111111111111 
1000000000000101 
1000000000001010 
1000000000001010 
1000000000000110 
1000000000000010 
1000000000000001 
0111111111111110 
0111111111111111 
1000000000000101 
1000000000000011 
0111111111111010 
0111111111111101 
1000000000000101 
1000000000000000 
0111111111110011 
0111111111110011 
1000000000000001 
1000000000001101 
1000000000001011 
1000000000000010 
0111111111111010 
0111111111111000 
0111111111111001 
1000000000000000 
1000000000000101 
1000000000000001 
0111111111111111 
1000000000001000 
1000000000001100 
1000000000000010 
0111111111111011 
1000000000000000 
1000000000000111 
1000000000001001 
1000000000000111 
1000000000000011 
1000000000000000 
0111111111111111 
0111111111111111 
0111111111111111 
1000000000000000 
1000000000000010 
1000000000001000 
1000000000001100 
1000000000000110 
0111111111111000 
0111111111110001 
0111111111111011 
1000000000000111 
1000000000001001 
1000000000000011 
1000000000000010 
1000000000010000 
1000000000001011 
0111111111100011 
0111111111011010 
1000000000001100 
1000000000101000 
1000000000000010 
0111111111100101 
0111111111110110 
0111111111111110 
0111111111111010 
1000000000001010 
1000000000010110 
0111111111111010 
0111111111100111 
1000000000001011 
1000000000100111 
1000000000000011 
0111111111011001 
0111111111101101 
1000000000010010 
1000000000001110 
0111111111110110 
0111111111101101 
0111111111110011 
0111111111111111 
1000000000000110 
1000000000001000 
1000000000000101 
1000000000000100 
0111111111111111 
0111111111111000 
0111111111111111 
1000000000000111 
0111111111111100 
0111111111101110 
0111111111111010 
1000000000001110 
1000000000000110 
0111111111111010 
1000000000000100 
1000000000001101 
1000000000000001 
0111111111110110 
0111111111111101 
1000000000001001 
1000000000000100 
0111111111111001 
0111111111111011 
1000000000000101 
1000000000000010 
0111111111111011 
1000000000000010 
1000000000000010 
0111111111110101 
0111111111111101 
1000000000010100 
1000000000001111 
0111111111110101 
0111111111110001 
1000000000000011 
1000000000001010 
0111111111111011 
0111111111110000 
0111111111111111 
1000000000010011 
1000000000001100 
0111111111110111 
0111111111110011 
0111111111111010 
0111111111111100 
1000000000000001 
1000000000000111 
1000000000000010 
0111111111111100 
0111111111111101 
1000000000000000 
1000000000000101 
1000000000000000 
0111111111101111 
0111111111110110 
1000000000010010 
1000000000010001 
0111111111110010 
0111111111110000 
1000000000000100 
1000000000001000 
1000000000000100 
1000000000001001 
0111111111111111 
0111111111110000 
0111111111111100 
1000000000010100 
1000000000001111 
0111111111111101 
0111111111111100 
1000000000000110 
1000000000000011 
1000000000000001 
1000000000000111 
1000000000001000 
0111111111111101 
0111111111111000 
0111111111111100 
0111111111111110 
0111111111111110 
1000000000000000 
1000000000000000 
0111111111111111 
1000000000001001 
1000000000001110 
0111111111111110 
0111111111110000 
0111111111110111 
1000000000000100 
1000000000000111 
1000000000000000 
0111111111111100 
1000000000000001 
0111111111111100 
0111111111110010 
0111111111111000 
1000000000001011 
1000000000001011 
0111111111111010 
0111111111111001 
1000000000000110 
1000000000001000 
0111111111111110 
0111111111111100 
1000000000000010 
1000000000000010 
1000000000000100 
1000000000001101 
1000000000001111 
1000000000000010 
0111111111110101 
0111111111110111 
1000000000000001 
1000000000000011 
0111111111111111 
0111111111111111 
1000000000000110 
1000000000000110 
0111111111111100 
0111111111110110 
0111111111111100 
1000000000000101 
1000000000000110 
0111111111111011 
0111111111110100 
0111111111111111 
1000000000000110 
0111111111111110 
0111111111111110 
1000000000001101 
1000000000001101 
0111111111111100 
0111111111111110 
1000000000001100 
1000000000000100 
0111111111110000 
0111111111110001 
1000000000000100 
1000000000001101 
1000000000000111 
0111111111111001 
0111111111110100 
0111111111111110 
1000000000001000 
1000000000000001 
0111111111111000 
0111111111111011 
1000000000000101 
1000000000001010 
1000000000000111 
0111111111111100 
0111111111111001 
1000000000000100 
1000000000001010 
1000000000000001 
0111111111111001 
0111111111111100 
1000000000000110 
1000000000001000 
0111111111111101 
0111111111101110 
0111111111110011 
1000000000000111 
1000000000001010 
0111111111111101 
0111111111111011 
1000000000000110 
1000000000001000 
0111111111111110 
0111111111111001 
0111111111111110 
1000000000000011 
1000000000000111 
1000000000000111 
1000000000000001 
0111111111111110 
0111111111111110 
0111111111111111 
1000000000000100 
1000000000000110 
0111111111111111 
0111111111111000 
1000000000000010 
1000000000000110 
0111111111110010 
0111111111010000 
1000000001001010 
1000000001100110 
0111111110001101 
0111111100011000 
1000000000011111 
1000000011111100 
1000000010010001 
0111111111100111 
0111111111111011 
1000000000000010 
1000000000000000 
0111111111111111 
1000000000000000 
0111111111111111 
1000000000000000 
0111111111111111 
1000000000000000 
1000000000000000 
1000000000000000 
1000000000000000 
1000000000000000 
1000000000000000 
1000000000000000 
1000000000000000 
1000000000000000 
1000000000000000 
