0111111111110010 
0111111111111111 
1000000000011101 
1000000000010110 
0111111111001110 
0111111101000000 
0111111011110010 
0111111110110010 
1000000010001000 
0111111110111110 
0111111000000000 
0111110110101011 
0111111011110101 
1000000000000100 
1000000000101101 
1000000000011010 
1000000000000010 
0111111111100010 
0111111111000111 
0111111111011101 
1000000000011101 
1000000001000000 
1000000000100001 
0111111111101001 
0111111111001010 
0111111111011001 
1000000000001110 
1000000001000111 
1000000001011000 
1000000000111010 
1000000000010101 
1000000000001010 
1000000000011101 
1000000000110101 
1000000000110000 
1000000000010000 
0111111111110111 
0111111111111110 
1000000000100000 
1000000001000000 
1000000000111100 
1000000000001010 
0111111111010111 
0111111111001101 
0111111111101101 
1000000000011010 
1000000000110001 
1000000000101000 
1000000000001110 
0111111111111010 
0111111111111101 
1000000000100011 
1000000001010100 
1000000001010110 
1000000000100011 
1000000000000110 
1000000000011111 
1000000000110110 
1000000000101001 
1000000000010011 
1000000000000011 
0111111111101111 
0111111111100010 
0111111111101101 
1000000000000001 
1000000000001110 
1000000000011100 
1000000000101100 
1000000000011111 
0111111111101110 
0111111111001100 
0111111111100001 
1000000000000100 
1000000000000000 
0111111111101100 
0111111111111001 
1000000000100100 
1000000001000101 
1000000000111111 
1000000000010111 
0111111111101111 
0111111111100010 
0111111111100010 
0111111111011100 
0111111111100101 
1000000000010001 
1000000001000101 
1000000001001101 
1000000000100010 
1000000000000011 
1000000000010110 
1000000000101001 
1000000000001000 
0111111111011010 
0111111111100111 
1000000000100111 
1000000001000110 
1000000000011010 
0111111111011011 
0111111111011011 
1000000000011010 
1000000001001000 
1000000000111011 
1000000000011111 
1000000000100110 
1000000000111000 
1000000000100011 
0111111111101110 
0111111111010000 
0111111111100110 
1000000000010011 
1000000000101110 
1000000000011100 
0111111111101010 
0111111111000101 
0111111110111110 
0111111110110001 
0111111110011100 
0111111110110010 
0111111111111010 
1000000000110100 
1000000001000011 
1000000000111110 
1000000000111010 
1000000001000001 
1000000001010001 
1000000001010011 
1000000001000110 
1000000001001101 
1000000001100000 
1000000001010000 
1000000000010110 
0111111111101110 
1000000000000000 
1000000000011101 
1000000000000011 
0111111110111110 
0111111110100100 
0111111111100111 
1000000001000111 
1000000001010100 
1000000000000001 
0111111111000001 
0111111111100101 
1000000000101110 
1000000000111100 
1000000000010111 
1000000000000111 
1000000000100000 
1000000000100011 
0111111111101100 
0111111110111000 
0111111111000001 
0111111111011111 
0111111111010100 
0111111111000010 
0111111111100100 
1000000000100011 
1000000000101110 
0111111111101110 
0111111110101110 
0111111111010111 
1000000001010110 
1000000010001110 
1000000000111101 
0111111111101001 
0111111111110110 
1000000000000001 
0111111111001100 
0111111111011001 
1000000001011011 
1000000010100000 
1000000001001111 
1000000000010000 
1000000000111101 
1000000001000100 
0111111111011111 
0111111110001110 
0111111110011000 
0111111111001111 
1000000000001110 
1000000000110011 
1000000000011100 
1000000000000100 
1000000000111100 
1000000001111011 
1000000000101000 
0111111101110010 
0111111100100011 
0111111101111010 
0111111111111010 
1000000000111000 
1000000000110111 
1000000000101101 
1000000000111101 
1000000001000101 
1000000000010010 
0111111111100000 
1000000000000111 
1000000000110100 
0111111111010111 
0111111101010011 
0111111101111011 
1000000000010010 
1000000000101000 
0111111111101111 
1000000001100001 
1000000100010100 
1000000011001100 
0111111111000001 
0111111100110110 
0111111110001101 
1000000000101111 
1000000010010101 
1000000010011110 
1000000010010010 
1000000010111010 
1000000011001011 
1000000001100001 
0111111111010100 
0111111110100011 
0111111110110101 
0111111111000101 
0111111111000111 
0111111110110010 
0111111110001011 
0111111110001111 
0111111111001001 
0111111111011001 
0111111110010110 
0111111101101111 
0111111110100010 
0111111110111001 
0111111101111101 
0111111110011110 
1000000010000100 
1000000100111001 
1000000011000110 
0111111111001110 
0111111110000111 
0111111111110101 
1000000000111110 
1000000000011011 
1000000000010010 
1000000001101001 
1000000010111010 
1000000010101111 
1000000010000110 
1000000001011011 
0111111111001111 
0111111100001010 
0111111011100000 
0111111110001011 
1000000000101001 
0111111111110100 
0111111101001111 
0111111100100001 
0111111110000100 
0111111111010000 
0111111111011101 
1000000000111111 
1000000100000110 
1000000101011010 
1000000011001110 
1000000000011011 
1000000000000010 
1000000000101010 
0111111111111101 
0111111111001011 
0111111111111011 
0111111111110111 
0111111101011101 
0111111011110011 
0111111100111111 
0111111110011101 
0111111101101110 
0111111101000001 
0111111111100011 
1000000011010110 
1000000011101010 
1000000000010111 
0111111101110101 
0111111110000100 
0111111111000100 
0111111111100100 
1000000000011001 
1000000010001011 
1000000011100101 
1000000010010100 
0111111110111001 
0111111101000011 
0111111110011010 
1000000000011111 
1000000001001011 
1000000000100100 
0111111111101101 
0111111111100111 
0111111111111100 
0111111111100001 
0111111110101101 
0111111110100000 
0111111110101011 
0111111111001100 
1000000000010101 
1000000001001110 
1000000001001011 
1000000000101100 
1000000000001111 
1000000000011000 
1000000001110001 
1000000010011110 
1000000000101100 
0111111111000111 
0111111111011011 
0111111110100011 
0111111100010001 
0111111101001111 
1000000000111100 
1000000001110011 
1000000000101000 
1000000010011101 
1000000101001010 
1000000011010001 
0111111110110110 
0111111110001000 
1000000001001110 
1000000010110101 
1000000000101110 
0111111110010000 
0111111110011110 
0111111111110011 
0111111111101111 
0111111111000011 
0111111111011000 
1000000000001100 
1000000000111011 
1000000001111111 
1000000010101010 
1000000010000110 
1000000000111000 
0111111111011001 
0111111110100001 
1000000000000101 
1000000010011011 
1000000001010011 
0111111101101001 
0111111100011111 
0111111110011101 
1000000000100011 
1000000001001000 
0111111111101001 
0111111101000000 
0111111100011001 
0111111110111001 
1000000001110101 
1000000011000111 
1000000010111000 
1000000001001100 
0111111110010001 
0111111100001110 
0111111101000111 
1000000000011011 
1000000011100010 
1000000100000100 
1000000010001100 
1000000000100011 
1000000000110001 
1000000000110100 
0111111111011100 
0111111111011011 
1000000001100001 
1000000010010001 
1000000001001010 
1000000001010110 
1000000010100101 
1000000001100100 
0111111110101111 
0111111101010101 
0111111101101000 
0111111110000111 
0111111111010100 
1000000001011000 
1000000001110011 
0111111111111000 
0111111110010111 
0111111110011000 
0111111111001100 
1000000001000111 
1000000011000011 
1000000001110010 
0111111101101111 
0111111011100001 
0111111101000001 
0111111111001010 
0111111111011011 
0111111111001010 
1000000000001110 
1000000001100011 
1000000000101111 
0111111110100011 
0111111110000000 
0111111111000010 
0111111111110001 
1000000000101100 
1000000010001110 
1000000010001001 
0111111111111010 
0111111110101101 
0111111111100111 
1000000000001110 
0111111111010100 
0111111110000000 
0111111110000100 
1000000001010000 
1000000101101001 
1000000101101111 
1000000001000101 
0111111101100001 
0111111101011100 
0111111110001100 
0111111111001010 
1000000000111011 
1000000010000101 
1000000010101111 
1000000011100000 
1000000001111111 
0111111110010011 
0111111100111011 
0111111110110100 
1000000000000110 
0111111111100111 
0111111111101101 
1000000000110110 
1000000000111110 
0111111111100001 
0111111110010100 
0111111111000000 
1000000001000011 
1000000010100111 
1000000010000011 
0111111111011000 
0111111100101011 
0111111100100010 
0111111110111010 
1000000000111000 
1000000000110001 
0111111111111000 
0111111111010000 
0111111110010010 
0111111100111001 
0111111100000111 
0111111100110011 
0111111111001010 
1000000001111101 
1000000011000001 
1000000010001010 
1000000001001100 
1000000000111001 
1000000000101010 
0111111111111101 
0111111110110110 
0111111110101110 
1000000000010100 
1000000000110001 
0111111110011010 
0111111101101010 
1000000001110001 
1000000101111010 
1000000100111000 
1000000001010101 
0111111111100111 
0111111111000110 
0111111110110011 
1000000000010100 
1000000011001100 
1000000100000011 
1000000010001011 
1000000000011011 
1000000000001000 
0111111111101010 
0111111110010001 
0111111110001110 
1000000000110001 
1000000010001100 
0111111111010110 
0111111100011111 
0111111110100111 
1000000001111001 
1000000000010110 
0111111100110001 
0111111100110000 
0111111110101000 
0111111101110011 
0111111010110000 
0111111001111010 
0111111110000011 
1000000100011011 
1000000110101110 
1000000010110000 
0111111101101111 
0111111101000111 
0111111111110011 
1000000001101000 
1000000000101100 
0111111101111111 
0111111100011001 
0111111110100101 
1000000011000110 
1000000100100001 
1000000001000101 
0111111110000100 
0111111111010010 
1000000001101011 
1000000001010011 
0111111111000011 
0111111111010100 
1000000010111001 
1000000100100000 
1000000001010100 
0111111110010110 
0111111111110100 
1000000010011001 
1000000010011000 
1000000001011000 
1000000001001000 
1000000001000001 
0111111111111101 
0111111101111110 
0111111101001111 
0111111111001111 
1000000001111011 
1000000010000001 
0111111111101000 
0111111101101011 
0111111101011010 
0111111110110101 
1000000010010000 
1000000101100110 
1000000100101100 
0111111111001001 
0111111010001011 
0111111010101001 
0111111111101010 
1000000011111100 
1000000011001100 
0111111111011111 
0111111110011100 
1000000000010010 
1000000001001001 
1000000000100100 
1000000000001011 
0111111111100000 
0111111110010011 
0111111110100011 
1000000000111011 
1000000010100110 
1000000001000001 
0111111110100010 
0111111110101000 
0111111111110110 
0111111111100001 
1000000000000011 
1000000011001000 
1000000011101101 
0111111110110000 
0111111010010100 
0111111100010001 
1000000010001000 
1000000100111000 
1000000010011010 
0111111110111010 
0111111101110101 
0111111110101001 
1000000000000010 
1000000001100101 
1000000010001010 
1000000000011101 
0111111110001000 
0111111110001010 
1000000000000000 
1000000000011101 
0111111111001111 
0111111111001110 
1000000000111100 
1000000001111001 
1000000000110011 
0111111111001011 
0111111110110110 
1000000000000000 
1000000001000100 
1000000000101011 
0111111111100000 
0111111111010001 
1000000000011101 
1000000001100000 
1000000000110011 
0111111111011000 
0111111111001110 
0111111111110110 
1000000000010001 
1000000001000100 
1000000001101001 
1000000000011100 
0111111110101101 
0111111110110001 
0111111111111101 
1000000000011011 
1000000000011000 
1000000000100010 
1000000000001010 
0111111111000011 
0111111110101000 
0111111111100110 
1000000000010100 
0111111111101000 
0111111111011100 
1000000000111111 
1000000010001100 
1000000001001001 
0111111111000011 
0111111110001010 
0111111111001000 
1000000000111010 
1000000001101010 
1000000000010011 
0111111110001010 
0111111101110001 
0111111111010001 
1000000000011110 
1000000000011001 
1000000000001001 
1000000000000110 
0111111111111000 
1000000000000001 
1000000000100110 
1000000000010010 
0111111111010111 
0111111111111001 
1000000001110011 
1000000010010111 
1000000000101001 
0111111111011011 
1000000000100111 
1000000001111111 
1000000000111011 
0111111110100111 
0111111110000000 
0111111111101010 
1000000001011000 
1000000001000110 
0111111111010110 
0111111110100101 
0111111111100010 
1000000000010100 
0111111111101110 
0111111111000000 
0111111111101000 
1000000000110010 
1000000000011010 
0111111111000110 
0111111111001111 
1000000000100011 
1000000000101010 
0111111111100111 
0111111111100111 
1000000000111100 
1000000001101010 
1000000000101010 
0111111111000010 
0111111110110101 
0111111111111101 
1000000000001101 
0111111111100000 
0111111111110011 
1000000000111010 
1000000000100111 
0111111110111011 
0111111110100100 
1000000000011010 
1000000001111100 
1000000000111110 
0111111110110100 
0111111110101010 
1000000000101100 
1000000001110101 
1000000000100000 
0111111110110000 
0111111110110110 
0111111111111000 
0111111111111111 
0111111111110101 
1000000000100001 
1000000001001001 
1000000000111000 
1000000000001011 
0111111111011010 
0111111111001010 
1000000000000001 
1000000000111000 
1000000000001010 
0111111110110001 
0111111110110001 
1000000000010000 
1000000001001110 
1000000000100000 
0111111111011111 
0111111111101001 
1000000000001101 
1000000000000100 
0111111111110110 
1000000000000110 
1000000000001010 
0111111111111101 
0111111111111101 
0111111111110101 
0111111111011010 
0111111111101000 
1000000000011111 
1000000000100001 
0111111111101011 
0111111111101011 
1000000000010101 
1000000000011001 
1000000000000111 
0111111111111111 
0111111111100011 
0111111111010010 
1000000000001001 
1000000000111110 
1000000000001100 
0111111111000000 
0111111111010001 
1000000000011111 
1000000001001001 
1000000000110011 
0111111111110011 
0111111111000100 
0111111111100001 
1000000000101000 
1000000000110010 
0111111111111011 
0111111111011110 
0111111111111001 
1000000000001101 
0111111111111100 
0111111111101101 
0111111111101111 
0111111111110011 
1000000000001001 
1000000000101000 
1000000000011001 
0111111111110001 
0111111111111100 
1000000000011101 
1000000000000111 
0111111111011011 
0111111111011010 
1000000000000101 
1000000000101101 
1000000000101101 
1000000000000100 
0111111111011001 
0111111111010101 
0111111111110001 
1000000000000101 
0111111111111000 
0111111111101000 
1000000000000011 
1000000000110000 
1000000000101100 
1000000000000010 
0111111111111010 
1000000000011000 
1000000000010000 
0111111111100001 
0111111111010100 
0111111111110001 
1000000000000101 
1000000000000111 
1000000000001101 
1000000000001011 
0111111111110010 
0111111111100011 
0111111111110001 
1000000000001011 
1000000000010010 
1000000000000110 
1000000000000001 
1000000000000100 
1000000000000110 
1000000000000110 
1000000000000010 
1000000000000101 
1000000000001101 
1000000000000101 
0111111111110011 
0111111111110000 
0111111111111011 
1000000000000111 
1000000000010010 
1000000000000111 
0111111111101011 
0111111111110010 
1000000000011010 
1000000000010011 
0111111111100000 
0111111111011100 
1000000000001101 
1000000000100010 
1000000000000001 
0111111111100011 
0111111111101010 
1000000000000011 
1000000000011011 
1000000000010110 
0111111111100011 
0111111111000101 
0111111111110101 
1000000000110010 
1000000000100110 
0111111111111000 
0111111111101111 
0111111111111010 
0111111111110111 
0111111111111011 
1000000000010100 
1000000000011100 
0111111111111010 
0111111111011110 
0111111111110010 
1000000000010101 
1000000000011001 
1000000000000000 
0111111111101010 
0111111111101110 
1000000000001000 
1000000000010010 
0111111111111011 
0111111111101110 
0111111111111110 
1000000000000111 
0111111111111100 
0111111111111101 
1000000000010010 
1000000000011011 
1000000000001010 
0111111111110100 
0111111111101101 
0111111111110111 
1000000000000001 
0111111111111111 
0111111111111000 
0111111111111001 
1000000000000010 
0111111111111111 
0111111111110101 
0111111111111011 
1000000000010100 
1000000000011111 
1000000000000100 
0111111111100101 
0111111111110011 
1000000000001100 
1000000000000100 
0111111111111110 
1000000000001110 
1000000000001010 
0111111111110110 
1000000000000100 
1000000000011000 
1000000000000010 
0111111111101101 
1000000000000100 
1000000000011000 
1000000000000010 
0111111111100010 
0111111111110001 
1000000000010101 
1000000000011001 
1000000000000100 
0111111111111110 
1000000000001010 
1000000000001011 
1000000000000010 
1000000000000100 
0111111111111101 
0111111111100100 
0111111111100000 
1000000000000101 
1000000000011011 
1000000000000001 
0111111111110111 
1000000000010000 
1000000000000110 
0111111111101010 
0111111111111010 
1000000000001101 
0111111111110101 
0111111111100011 
0111111111110001 
0111111111111010 
0111111111111010 
1000000000000100 
1000000000000001 
0111111111110111 
1000000000000111 
1000000000100001 
1000000000100010 
1000000000001100 
0111111111110111 
0111111111101111 
0111111111110110 
1000000000001011 
1000000000010000 
1000000000000001 
1000000000000000 
1000000000001111 
1000000000001100 
0111111111111001 
0111111111110001 
0111111111111001 
0111111111111101 
1000000000000011 
1000000000001011 
1000000000000011 
0111111111101110 
0111111111011111 
0111111111101001 
1000000000000110 
1000000000010101 
1000000000001000 
0111111111101010 
0111111111011111 
0111111111110101 
1000000000001101 
1000000000001110 
1000000000000100 
1000000000000001 
1000000000000001 
0111111111111000 
0111111111111001 
1000000000000011 
1000000000000011 
1000000000000100 
1000000000001011 
1000000000001110 
1000000000010000 
1000000000001110 
1000000000000110 
0111111111111010 
0111111111111110 
1000000000001110 
1000000000001101 
0111111111111011 
0111111111110011 
0111111111111111 
1000000000001100 
1000000000001001 
1000000000000100 
1000000000000010 
0111111111111111 
1000000000000110 
1000000000001011 
0111111111111110 
0111111111110000 
0111111111111011 
1000000000001011 
1000000000000011 
0111111111110111 
0111111111111011 
0111111111111111 
0111111111111110 
0111111111111111 
0111111111111011 
0111111111110110 
1000000000000011 
1000000000010000 
1000000000000000 
0111111111101111 
0111111111111010 
1000000000001000 
1000000000000001 
0111111111110110 
0111111111110110 
1000000000000000 
1000000000001011 
1000000000000111 
0111111111111011 
0111111111111101 
1000000000001010 
1000000000001000 
0111111111111011 
0111111111111010 
1000000000001000 
1000000000010001 
1000000000000000 
0111111111101011 
0111111111010101 
1000000001000000 
1000000001110011 
0111111110100110 
0111111011100001 
0111111110001001 
1000000010010011 
1000000010010100 
1000000000000110 
0111111111111001 
1000000000000001 
0111111111111110 
0111111111111111 
0111111111111111 
0111111111111110 
0111111111111111 
1000000000000000 
1000000000000000 
1000000000000000 
1000000000000000 
1000000000000000 
1000000000000000 
1000000000000000 
1000000000000000 
1000000000000000 
1000000000000000 
1000000000000000 
