0111111111110100 
0111111111101010 
1000000000000001 
1000000000011000 
1000000000001000 
0111111111011101 
0111111111011010 
1000000000110011 
1000000010001110 
1000000001000000 
0111111111000011 
1000000001010101 
1000000110100100 
1000000111111101 
1000000011111100 
1000000000000111 
0111111111011100 
1000000000000001 
1000000000000100 
0111111111110111 
0111111111111001 
1000000000000000 
1000000000000000 
0111111111111101 
0111111111110100 
0111111111100101 
0111111111100000 
0111111111101110 
0111111111110011 
0111111111011101 
0111111111011001 
0111111111111101 
1000000000001101 
0111111111101101 
0111111111010111 
0111111111100000 
0111111111101000 
0111111111110001 
1000000000001111 
1000000000100000 
1000000000000101 
0111111111100011 
0111111111101011 
1000000000010001 
1000000000101010 
1000000000100001 
0111111111111111 
0111111111100111 
0111111111110101 
1000000000010010 
1000000000001110 
0111111111100100 
0111111111000101 
0111111111001110 
0111111111101111 
1000000000010001 
1000000000100101 
1000000000011111 
1000000000001001 
0111111111110011 
0111111111011101 
0111111111000011 
0111111111000000 
0111111111101010 
1000000000100011 
1000000000110000 
1000000000000000 
0111111111000100 
0111111110111000 
0111111111011010 
1000000000000100 
1000000000011011 
1000000000011101 
1000000000011100 
1000000000100101 
1000000000101111 
1000000000101010 
1000000000010111 
0111111111111111 
0111111111100101 
0111111111011100 
0111111111101011 
0111111111110011 
0111111111101011 
0111111111111101 
1000000000101000 
1000000000111000 
1000000000100011 
1000000000010010 
1000000000010000 
1000000000000101 
0111111111110011 
0111111111110110 
1000000000010101 
1000000000101101 
1000000000001101 
0111111111000111 
0111111110101011 
0111111111011100 
1000000000100101 
1000000001010000 
1000000001011001 
1000000000111111 
1000000000001000 
0111111111011000 
0111111111001111 
0111111111010100 
0111111111000100 
0111111110110000 
0111111110111111 
0111111111101100 
1000000000001011 
1000000000000110 
0111111111110110 
1000000000000001 
1000000000011100 
1000000000100000 
1000000000001011 
0111111111110111 
0111111111101110 
0111111111101100 
0111111111110011 
0111111111111110 
1000000000000100 
1000000000100100 
1000000001101111 
1000000010011010 
1000000001010100 
0111111111001000 
0111111101110110 
0111111110000101 
0111111110101001 
0111111110111101 
0111111111100110 
1000000000011100 
1000000000011000 
0111111111001010 
0111111110000110 
0111111110010011 
0111111111011101 
1000000000011111 
1000000000100111 
0111111111110100 
0111111110111100 
0111111111000110 
1000000000001001 
1000000000100101 
0111111111101011 
0111111110011100 
0111111101111101 
0111111110011000 
0111111111100011 
1000000001001000 
1000000010000001 
1000000001010011 
0111111111101001 
0111111110111011 
0111111111110110 
1000000001000011 
1000000001000101 
0111111111111000 
0111111110100011 
0111111110000001 
0111111110011001 
0111111111010000 
0111111111111111 
0111111111111011 
0111111111010101 
0111111111101011 
1000000001110000 
1000000011111110 
1000000011111101 
1000000001101110 
0111111111100110 
0111111111001001 
0111111111010111 
0111111110110100 
0111111101110010 
0111111101011111 
0111111110011010 
0111111111110111 
1000000000100110 
0111111111111010 
0111111110101001 
0111111110000111 
0111111110011111 
0111111110111001 
0111111111001111 
1000000000011001 
1000000010001101 
1000000010110100 
1000000001100011 
0111111111110011 
0111111110011001 
0111111100111100 
0111111100001111 
0111111101101110 
1000000000001111 
1000000001000110 
1000000000001011 
0111111111110101 
1000000000111101 
1000000001101010 
1000000000110010 
0111111111110001 
0111111111110111 
1000000000001110 
1000000000010100 
1000000001000110 
1000000010011010 
1000000010100001 
1000000001000011 
0111111111110011 
0111111111111101 
1000000000101110 
1000000001000110 
1000000001001001 
1000000001001000 
1000000000100010 
0111111111100011 
0111111111011101 
1000000000011010 
1000000000111100 
1000000000010000 
0111111111001000 
0111111110111111 
1000000000001100 
1000000001001101 
1000000000010101 
0111111110010001 
0111111101001010 
0111111101111100 
0111111111110101 
1000000001000010 
1000000000001111 
0111111110110101 
0111111111001111 
1000000000111011 
1000000001110101 
1000000001110110 
1000000001100111 
1000000000011101 
0111111110110100 
0111111110111000 
1000000000100001 
1000000000101110 
0111111110101110 
0111111101100100 
0111111111011111 
1000000010101110 
1000000011111010 
1000000010000011 
0111111111001110 
0111111101011101 
0111111100100110 
0111111100001011 
0111111101010001 
1000000000000110 
1000000001101111 
1000000000001000 
0111111101101111 
0111111101111001 
0111111111111101 
1000000000101011 
0111111111000100 
0111111101101111 
0111111111000111 
1000000001101100 
1000000010001011 
1000000000100010 
0111111111000100 
0111111110010110 
0111111110010001 
0111111111010110 
1000000000110110 
1000000001011010 
1000000001001110 
1000000000100010 
0111111111010111 
0111111110110010 
0111111111100000 
1000000000011000 
1000000000011110 
0111111111101010 
0111111101110111 
0111111100100010 
0111111101111100 
1000000001001001 
1000000010110010 
1000000010000011 
1000000000101111 
0111111111011101 
0111111110011000 
0111111110100100 
0111111111101001 
0111111111101101 
0111111111001011 
1000000000000011 
1000000001011000 
1000000000110100 
0111111111001111 
0111111110110111 
0111111111011111 
0111111111111011 
1000000000010011 
1000000000110110 
1000000001000100 
1000000000101111 
1000000000001000 
0111111111011111 
0111111110110000 
0111111110000010 
0111111110001011 
0111111111010110 
1000000000001010 
1000000000000110 
1000000000010011 
1000000000100101 
1000000000000111 
1000000000001001 
1000000001001100 
1000000001111001 
1000000001111001 
1000000001000011 
0111111110100110 
0111111100110100 
0111111110111110 
1000000010010001 
1000000001110110 
0111111111110011 
1000000000011111 
1000000010000010 
1000000001000110 
0111111111100101 
1000000000001001 
1000000000111100 
0111111111111010 
0111111110011111 
0111111110011010 
0111111111010100 
1000000000011111 
1000000001011000 
1000000001001101 
1000000000001011 
0111111111111100 
1000000000101010 
1000000000001001 
0111111110011010 
0111111110001000 
0111111111100100 
1000000000000011 
0111111110111010 
0111111110000010 
0111111110010100 
0111111111001000 
0111111111110100 
1000000000000010 
1000000000010101 
1000000001010000 
1000000001100001 
0111111111100111 
0111111101000000 
0111111100111001 
0111111111011111 
1000000001000111 
0111111111111010 
0111111111000110 
1000000001001110 
1000000011000111 
1000000001010111 
0111111110000001 
0111111100111111 
0111111110101111 
1000000001000011 
1000000001110100 
1000000000101010 
0111111111011000 
0111111111110011 
1000000001100001 
1000000010100101 
1000000001010010 
0111111110011001 
0111111100110111 
0111111110001100 
1000000000011001 
1000000001000000 
1000000000010011 
1000000000000100 
1000000000100110 
1000000000111101 
1000000000111001 
1000000001001100 
1000000001100111 
1000000000111100 
0111111111110010 
0111111111100101 
0111111111110001 
0111111111101110 
1000000000101111 
1000000010100010 
1000000010000101 
0111111111001101 
0111111101101001 
0111111110010110 
0111111110111110 
0111111111001111 
1000000000100011 
1000000001111011 
1000000001011010 
0111111111111101 
0111111111110000 
1000000000100110 
1000000000110011 
0111111111110010 
0111111110101000 
0111111110100111 
1000000000001001 
1000000001110100 
1000000001011110 
0111111111100111 
0111111110100100 
0111111110101110 
0111111111001101 
1000000000000110 
1000000000111000 
1000000000011110 
0111111111111011 
1000000000001101 
0111111111111010 
0111111110100001 
0111111101110110 
0111111110011100 
0111111111011100 
1000000000010110 
1000000000110110 
1000000000100101 
0111111111101011 
0111111111001111 
1000000000011001 
1000000001100011 
1000000000001010 
0111111101101011 
0111111101111110 
1000000000010001 
1000000000110001 
0111111111110000 
0111111111101000 
0111111111111010 
0111111111010101 
0111111111000000 
1000000000000011 
1000000001000001 
1000000000011010 
0111111111001110 
0111111111001000 
0111111111110111 
1000000000001010 
0111111111111111 
1000000000000001 
1000000000001100 
1000000000000011 
0111111111111001 
1000000000001110 
1000000000100000 
1000000000000001 
0111111111001000 
0111111110111011 
0111111111100001 
0111111111111100 
0111111111111101 
1000000000010000 
1000000000110101 
1000000000110101 
1000000000001100 
0111111111110111 
1000000000001101 
1000000000010010 
0111111111011110 
0111111110110000 
0111111111011111 
1000000001000100 
1000000001100011 
1000000000100111 
0111111111110011 
0111111111101011 
0111111111001011 
0111111110100000 
0111111111000010 
1000000000010001 
1000000000010111 
0111111111101011 
0111111111101110 
1000000000001111 
1000000000010000 
1000000000000010 
0111111111110001 
0111111111001101 
0111111111000100 
0111111111110111 
1000000000101011 
1000000000101011 
1000000000010100 
0111111111111101 
0111111111100000 
0111111111010010 
0111111111100101 
1000000000000001 
1000000000001001 
0111111111111111 
0111111111111111 
1000000000010001 
1000000000001101 
0111111111011100 
0111111110111001 
0111111111100001 
1000000000101010 
1000000000101011 
0111111111101000 
0111111111010101 
1000000000011001 
1000000001000110 
1000000000001100 
0111111111000111 
0111111111011110 
1000000000011011 
1000000000010111 
0111111111100011 
0111111111010111 
1000000000000000 
1000000000100100 
1000000000101100 
1000000000101010 
1000000000011011 
0111111111111011 
0111111111100011 
0111111111100100 
0111111111101011 
0111111111100010 
0111111111011011 
0111111111110011 
1000000000100100 
1000000000111000 
1000000000000101 
0111111110111010 
0111111110101101 
0111111111100101 
1000000000001011 
0111111111111001 
0111111111110001 
1000000000011100 
1000000000110001 
1000000000000001 
0111111111011000 
0111111111101011 
1000000000000101 
1000000000000100 
1000000000000100 
1000000000000110 
0111111111111001 
0111111111111000 
1000000000010010 
1000000000100100 
1000000000010011 
0111111111111100 
0111111111101101 
0111111111100111 
0111111111101000 
0111111111110111 
1000000000100100 
1000000000111101 
0111111111100111 
0111111101111110 
0111111110110001 
1000000000111000 
1000000000110110 
0111111111101000 
1000000000010000 
1000000001011110 
1000000000111010 
0111111111110000 
1000000000000001 
1000000000110111 
1000000000011000 
0111111111010101 
0111111111101110 
1000000000110110 
1000000000011100 
0111111111001111 
0111111111101001 
1000000000110111 
1000000000101100 
0111111111111001 
0111111111111010 
1000000000001001 
0111111111110110 
0111111111101011 
1000000000001000 
1000000000010111 
1000000000000001 
1000000000000010 
1000000000101010 
1000000000101011 
0111111111110101 
0111111111100110 
1000000000001111 
1000000000001101 
0111111111010110 
0111111110111110 
0111111111010111 
0111111111110111 
1000000000000111 
1000000000000010 
0111111111111000 
1000000000010010 
1000000000110011 
1000000000010111 
0111111111100111 
0111111111110010 
1000000000010000 
1000000000000010 
0111111111110001 
1000000000000101 
1000000000100100 
1000000000101110 
1000000000010101 
0111111111100111 
0111111111010101 
0111111111101000 
0111111111111101 
1000000000001111 
1000000000101000 
1000000000100100 
0111111111111001 
0111111111101001 
1000000000010001 
1000000000111000 
1000000000011100 
0111111111000110 
0111111110010101 
0111111111000101 
1000000000010110 
1000000000101101 
1000000000001110 
0111111111111000 
0111111111111100 
1000000000000001 
0111111111101110 
0111111110111101 
0111111110110000 
1000000000000100 
1000000001011100 
1000000000111011 
0111111111100010 
0111111111010101 
1000000000000001 
1000000000010100 
1000000000001001 
0111111111111111 
0111111111111001 
0111111111101111 
0111111111101010 
1000000000000110 
1000000000101111 
1000000000100100 
0111111111111100 
0111111111111101 
0111111111111101 
0111111111001011 
0111111110111011 
1000000000000111 
1000000001000010 
1000000000101000 
1000000000001000 
1000000000000110 
0111111111011111 
0111111110101100 
0111111111010100 
1000000000110001 
1000000000110000 
0111111111101000 
0111111111100111 
1000000000011010 
1000000000010100 
0111111111101001 
0111111111110100 
1000000000100000 
1000000000100000 
0111111111110011 
0111111111001011 
0111111111001001 
0111111111101010 
1000000000001101 
1000000000011100 
1000000000010001 
1000000000000010 
1000000000000001 
0111111111111111 
0111111111101011 
0111111111011111 
0111111111110011 
1000000000000111 
1000000000000111 
1000000000001100 
1000000000011010 
1000000000001001 
0111111111011110 
0111111111011110 
1000000000010001 
1000000000101011 
1000000000001101 
0111111111111100 
1000000000010001 
1000000000010101 
0111111111111100 
0111111111111000 
1000000000001101 
1000000000001001 
0111111111101010 
0111111111101011 
1000000000010101 
1000000000100101 
1000000000000100 
0111111111101111 
1000000000000100 
1000000000000101 
0111111111011101 
0111111111010100 
1000000000000001 
1000000000100000 
1000000000010111 
1000000000001111 
1000000000000011 
0111111111101111 
0111111111111011 
1000000000011001 
1000000000001000 
0111111111100111 
0111111111110111 
1000000000010010 
1000000000000100 
0111111111110110 
1000000000000010 
0111111111111111 
0111111111100100 
0111111111100111 
1000000000010011 
1000000000101010 
1000000000001101 
0111111111101011 
0111111111110000 
0111111111111111 
0111111111111100 
0111111111111111 
1000000000001000 
0111111111111001 
0111111111101000 
0111111111111011 
1000000000010001 
1000000000000100 
0111111111111011 
1000000000010110 
1000000000101010 
1000000000001100 
0111111111100010 
0111111111101001 
1000000000001111 
1000000000011000 
1000000000000001 
0111111111101110 
0111111111101001 
0111111111110101 
1000000000010001 
1000000000011001 
0111111111110010 
0111111111010110 
0111111111111010 
1000000000101000 
1000000000011010 
0111111111110101 
0111111111110101 
0111111111111110 
0111111111110000 
0111111111101110 
1000000000000101 
1000000000010000 
0111111111111011 
0111111111101100 
0111111111111101 
1000000000010101 
1000000000001101 
0111111111110000 
0111111111101100 
1000000000000010 
1000000000001001 
1000000000000001 
1000000000000001 
1000000000000100 
0111111111111100 
0111111111111000 
1000000000000110 
1000000000010100 
1000000000001111 
1000000000000101 
1000000000000100 
0111111111111011 
0111111111101101 
0111111111110101 
1000000000001100 
1000000000001010 
0111111111111001 
0111111111111101 
1000000000010000 
1000000000001001 
0111111111101010 
0111111111011111 
0111111111111001 
1000000000010111 
1000000000010111 
1000000000000110 
0111111111111011 
0111111111111110 
1000000000001011 
1000000000010000 
1000000000000111 
1000000000000010 
1000000000000110 
1000000000000011 
0111111111111100 
0111111111111011 
1000000000000001 
1000000000001001 
1000000000001011 
1000000000000010 
0111111111110111 
0111111111111001 
1000000000000011 
1000000000000011 
0111111111110110 
0111111111110010 
1000000000000010 
1000000000001110 
1000000000000010 
0111111111111001 
1000000000000000 
0111111111111111 
0111111111110111 
1000000000000100 
1000000000010011 
1000000000000100 
0111111111101101 
0111111111101100 
0111111111111010 
1000000000000111 
1000000000001010 
0111111111111110 
0111111111110100 
0111111111111010 
1000000000000110 
1000000000000100 
0111111111111110 
0111111111111111 
1000000000000010 
0111111111111011 
0111111111110011 
0111111111111100 
1000000000010001 
1000000000010101 
0111111111111100 
0111111111100100 
0111111111110000 
1000000000010000 
1000000000010111 
1000000000000001 
0111111111110111 
1000000000000001 
1000000000000101 
1000000000000000 
1000000000000010 
1000000000000000 
0111111111110101 
0111111111110111 
1000000000000110 
1000000000001010 
1000000000000000 
0111111111111010 
0111111111111010 
0111111111111101 
1000000000000001 
0111111111111111 
0111111111111111 
1000000000001000 
1000000000001000 
0111111111110101 
0111111111101001 
0111111111111111 
1000000000010110 
1000000000001101 
0111111111110101 
0111111111110000 
0111111111111100 
1000000000000010 
1000000000000000 
1000000000000001 
1000000000000101 
1000000000000111 
1000000000000100 
0111111111111111 
0111111111111001 
0111111111110010 
0111111111110100 
0111111111111111 
1000000000001000 
1000000000000101 
0111111111111110 
0111111111111001 
0111111111111000 
0111111111111110 
1000000000000111 
1000000000001011 
1000000000001000 
1000000000000000 
0111111111111011 
0111111111111111 
1000000000000010 
1000000000000001 
1000000000000110 
1000000000001001 
0111111111111110 
0111111111111000 
1000000000000000 
1000000000000110 
1000000000000000 
0111111111111100 
0111111111111100 
0111111111111100 
0111111111111111 
1000000000000011 
1000000000000100 
1000000000000011 
0111111111111011 
0111111111101101 
0111111111101011 
0111111111111110 
1000000000001101 
1000000000000111 
0111111111111001 
0111111111110100 
0111111111111010 
1000000000000001 
1000000000000000 
0111111111111010 
1000000000000001 
1000000000001110 
1000000000001011 
0111111111111101 
0111111111111001 
0111111111111111 
1000000000000010 
1000000000000100 
1000000000000110 
1000000000000100 
0111111111111111 
0111111111111100 
0111111111111110 
1000000000000000 
0111111111111110 
0111111111111100 
1000000000000001 
1000000000000101 
0111111111111110 
0111111111110110 
0111111111111010 
1000000000000010 
1000000000000000 
0111111111111001 
0111111111111011 
1000000000000001 
1000000000000110 
1000000000001010 
1000000000001001 
1000000000000101 
1000000000000010 
1000000000000001 
0111111111111111 
0111111111111101 
1000000000000001 
1000000000000101 
0111111111111111 
0111111111111000 
0111111111111100 
1000000000000011 
1000000000000001 
1000000000000000 
1000000000000010 
1000000000000011 
0111111111110111 
1000000000001000 
1000000000000001 
1000000000000001 
1000000001001001 
0111111111100000 
0111111001110100 
0111110111000001 
0111111011011000 
1000000000100100 
1000000001000110 
0111111111111111 
1000000000000100 
1000000000000011 
1000000000000010 
0111111111111110 
1000000000000001 
1000000000000000 
1000000000000000 
1000000000000000 
1000000000000000 
1000000000000000 
1000000000000000 
1000000000000000 
1000000000000000 
1000000000000000 
1000000000000000 
1000000000000000 
1000000000000000 
